 param cc:1 2 3 4:=    1.0000000e+00   3.6750000e+01   2.3750000e+01   4.6750000e+01   3.3771872e+01
   2.0000000e+00   1.8375000e+01   1.1883064e+01   2.3375000e+01   1.6899181e+01
   3.0000000e+00   1.2252923e+01   7.9368617e+00   1.5583333e+01   1.1280799e+01
   4.0000000e+00   9.1925944e+00   5.9661528e+00   1.1690923e+01   8.4860371e+00
   5.0000000e+00   7.3564776e+00   4.7849363e+00   9.3562485e+00   6.8129690e+00
   6.0000000e+00   6.1333633e+00   4.0013459e+00   7.8005974e+00   5.6952624e+00
   7.0000000e+00   5.2593988e+00   3.4411023e+00   6.6928282e+00   4.9004134e+00
   8.0000000e+00   4.6038838e+00   3.0230404e+00   5.8641181e+00   4.3091875e+00
   9.0000000e+00   4.0963792e+00   2.6998518e+00   5.2213716e+00   3.8518516e+00
   1.0000000e+01   3.6921226e+00   2.4457606e+00   4.7086207e+00   3.4895049e+00
   1.1000000e+01   3.3607690e+00   2.2350788e+00   4.2905179e+00   3.1923722e+00
   1.2000000e+01   3.0864718e+00   2.0621144e+00   3.9440440e+00   2.9467257e+00
   1.3000000e+01   2.8532830e+00   1.9158656e+00   3.6523470e+00   2.7413006e+00
   1.4000000e+01   2.6539681e+00   1.7899799e+00   3.4061950e+00   2.5671558e+00
   1.5000000e+01   2.4833149e+00   1.6833247e+00   3.1942045e+00   2.4178876e+00
   1.6000000e+01   2.3347841e+00   1.5906254e+00   3.0111719e+00   2.2899187e+00
   1.7000000e+01   2.2044038e+00   1.5083014e+00   2.8506297e+00   2.1775237e+00
   1.8000000e+01   2.0880666e+00   1.4367043e+00   2.7088509e+00   2.0794726e+00
   1.9000000e+01   1.9852511e+00   1.3739076e+00   2.5869974e+00   1.9927956e+00
   2.0000000e+01   1.8931672e+00   1.3159999e+00   2.4776884e+00   1.9145916e+00
   2.1000000e+01   1.8115010e+00   1.2652199e+00   2.3793334e+00   1.8459163e+00
   2.2000000e+01   1.7365539e+00   1.2212750e+00   2.2904088e+00   1.7826774e+00
   2.3000000e+01   1.6711847e+00   1.1808763e+00   2.2140575e+00   1.7293544e+00
   2.4000000e+01   1.6109659e+00   1.1449322e+00   2.1445786e+00   1.6827130e+00
   2.5000000e+01   1.5578197e+00   1.1109459e+00   2.0805842e+00   1.6355767e+00
   2.6000000e+01   1.5083065e+00   1.0813144e+00   2.0282777e+00   1.5945479e+00
   2.7000000e+01   1.4641824e+00   1.0540917e+00   1.9782850e+00   1.5573040e+00
   2.8000000e+01   1.4253263e+00   1.0293066e+00   1.9347782e+00   1.5239190e+00
   2.9000000e+01   1.3879302e+00   1.0066026e+00   1.8959784e+00   1.4956166e+00
   3.0000000e+01   1.3538248e+00   9.8648852e-01   1.8615396e+00   1.4674269e+00
   3.1000000e+01   1.3217882e+00   9.6735826e-01   1.8329071e+00   1.4403132e+00
   3.2000000e+01   1.2938948e+00   9.5040892e-01   1.8078924e+00   1.4170290e+00
   3.3000000e+01   1.2679209e+00   9.3410118e-01   1.7852477e+00   1.3953359e+00
   3.4000000e+01   1.2444052e+00   9.2005272e-01   1.7667794e+00   1.3761188e+00
   3.5000000e+01   1.2224143e+00   9.0697168e-01   1.7482268e+00   1.3566962e+00
   3.6000000e+01   1.2029858e+00   8.9363882e-01   1.7314408e+00   1.3403915e+00
   3.7000000e+01   1.1842668e+00   8.8206971e-01   1.7205547e+00   1.3251005e+00
   3.8000000e+01   1.1688315e+00   8.6997627e-01   1.7122913e+00   1.3111597e+00
   3.9000000e+01   1.1533132e+00   8.5988157e-01   1.7041965e+00   1.2991060e+00
   4.0000000e+01   1.1398904e+00   8.5121749e-01   1.6977185e+00   1.2879390e+00
   4.1000000e+01   1.1285524e+00   8.4246279e-01   1.6960383e+00   1.2773265e+00
   4.2000000e+01   1.1175493e+00   8.3471382e-01   1.6922347e+00   1.2678974e+00
   4.3000000e+01   1.1093144e+00   8.2769456e-01   1.6925478e+00   1.2592653e+00
   4.4000000e+01   1.1014849e+00   8.2067888e-01   1.6978261e+00   1.2507510e+00
   4.5000000e+01   1.0954194e+00   8.1337002e-01   1.7007946e+00   1.2432333e+00
   4.6000000e+01   1.0898858e+00   8.0757643e-01   1.7011186e+00   1.2364534e+00
   4.7000000e+01   1.0840640e+00   8.0256419e-01   1.7048339e+00   1.2294854e+00
   4.8000000e+01   1.0789697e+00   7.9739791e-01   1.7136961e+00   1.2251805e+00
   4.9000000e+01   1.0749504e+00   7.9302082e-01   1.7205680e+00   1.2207399e+00
   5.0000000e+01   1.0755357e+00   7.8880803e-01   1.7290703e+00   1.2159991e+00
   5.1000000e+01   1.0755517e+00   7.8468491e-01   1.7368698e+00   1.2129346e+00
   5.2000000e+01   1.0744026e+00   7.8122040e-01   1.7459180e+00   1.2093907e+00
   5.3000000e+01   1.0743561e+00   7.7771892e-01   1.7590309e+00   1.2064142e+00
   5.4000000e+01   1.0773335e+00   7.7496857e-01   1.7699996e+00   1.2026438e+00
   5.5000000e+01   1.0788139e+00   7.7287960e-01   1.7810106e+00   1.1997759e+00
   5.6000000e+01   1.0802944e+00   7.6950536e-01   1.7958813e+00   1.1985048e+00
   5.7000000e+01   1.0819958e+00   7.6720266e-01   1.8107834e+00   1.1972250e+00
   5.8000000e+01   1.0832572e+00   7.6550413e-01   1.8246307e+00   1.1971661e+00
   5.9000000e+01   1.0859523e+00   7.6437597e-01   1.8408378e+00   1.1964110e+00
   6.0000000e+01   1.0895888e+00   7.6275528e-01   1.8591450e+00   1.1946319e+00
   6.1000000e+01   1.0930459e+00   7.6207940e-01   1.8719588e+00   1.1937787e+00
   6.2000000e+01   1.0957838e+00   7.6142491e-01   1.8870354e+00   1.1942816e+00
   6.3000000e+01   1.1012214e+00   7.6067008e-01   1.9011965e+00   1.1936393e+00
   6.4000000e+01   1.1066013e+00   7.5957008e-01   1.9145289e+00   1.1932011e+00
   6.5000000e+01   1.1105189e+00   7.5926175e-01   1.9284954e+00   1.1924072e+00
   6.6000000e+01   1.1165627e+00   7.5819015e-01   1.9432123e+00   1.1938182e+00
   6.7000000e+01   1.1239361e+00   7.5742747e-01   1.9583614e+00   1.1929762e+00
   6.8000000e+01   1.1302655e+00   7.5813466e-01   1.9725724e+00   1.1935011e+00
   6.9000000e+01   1.1367788e+00   7.5832862e-01   1.9873691e+00   1.1949761e+00
   7.0000000e+01   1.1439599e+00   7.5846226e-01   2.0013963e+00   1.1960665e+00
   7.1000000e+01   1.1506399e+00   7.5882483e-01   2.0173102e+00   1.1971943e+00
   7.2000000e+01   1.1582865e+00   7.5970830e-01   2.0343691e+00   1.1986899e+00
   7.3000000e+01   1.1659843e+00   7.6060015e-01   2.0482893e+00   1.2001631e+00
   7.4000000e+01   1.1731821e+00   7.6170247e-01   2.0628824e+00   1.2012271e+00
   7.5000000e+01   1.1803057e+00   7.6155618e-01   2.0742563e+00   1.2032911e+00
   7.6000000e+01   1.1879380e+00   7.6170575e-01   2.0894902e+00   1.2050441e+00
   7.7000000e+01   1.1958199e+00   7.6238338e-01   2.1030367e+00   1.2060179e+00
   7.8000000e+01   1.2019125e+00   7.6347749e-01   2.1184934e+00   1.2081383e+00
   7.9000000e+01   1.2108393e+00   7.6468932e-01   2.1316648e+00   1.2103185e+00
   8.0000000e+01   1.2191015e+00   7.6467060e-01   2.1442701e+00   1.2113255e+00
   8.1000000e+01   1.2261696e+00   7.6563895e-01   2.1581018e+00   1.2129259e+00
;