 param cc:1 2 3 4:=     1.0000000e+00   3.6750000e+01   2.3750000e+01   4.6750000e+01   3.3750000e+01
   2.0000000e+00   1.8375000e+01   1.1875000e+01   2.3375000e+01   1.6875000e+01
   3.0000000e+00   1.2250000e+01   7.9166667e+00   1.5583333e+01   1.1250000e+01
   4.0000000e+00   9.1875000e+00   5.9375000e+00   1.1687500e+01   8.4381416e+00
   5.0000000e+00   7.3500000e+00   4.7500000e+00   9.3500000e+00   6.7505654e+00
   6.0000000e+00   6.1250000e+00   3.9583333e+00   7.7916667e+00   5.6254903e+00
   7.0000000e+00   5.2500000e+00   3.3928571e+00   6.6785714e+00   4.8225827e+00
   8.0000000e+00   4.5937500e+00   2.9687500e+00   5.8437500e+00   4.2206991e+00
   9.0000000e+00   4.0833333e+00   2.6388889e+00   5.1944444e+00   3.7518320e+00
   1.0000000e+01   3.6750000e+00   2.3750000e+00   4.6750000e+00   3.3772050e+00
   1.1000000e+01   3.3409091e+00   2.1592595e+00   4.2500000e+00   3.0702485e+00
   1.2000000e+01   3.0625000e+00   1.9794838e+00   3.8958333e+00   2.8144340e+00
   1.3000000e+01   2.8269231e+00   1.8273698e+00   3.5961538e+00   2.5981458e+00
   1.4000000e+01   2.6250000e+00   1.6968589e+00   3.3392857e+00   2.4129381e+00
   1.5000000e+01   2.4500000e+00   1.5837459e+00   3.1166667e+00   2.2522738e+00
   1.6000000e+01   2.2968750e+00   1.4849929e+00   2.9218750e+00   2.1115407e+00
   1.7000000e+01   2.1617647e+00   1.3977632e+00   2.7500000e+00   1.9877714e+00
   1.8000000e+01   2.0416667e+00   1.3201257e+00   2.5972222e+00   1.8775130e+00
   1.9000000e+01   1.9342105e+00   1.2507495e+00   2.4605263e+00   1.7787309e+00
   2.0000000e+01   1.8375000e+00   1.1883151e+00   2.3375000e+00   1.6899421e+00
   2.1000000e+01   1.7501235e+00   1.1319917e+00   2.2261905e+00   1.6096051e+00
   2.2000000e+01   1.6705768e+00   1.0807986e+00   2.1250000e+00   1.5364654e+00
   2.3000000e+01   1.5980596e+00   1.0339863e+00   2.0326087e+00   1.4698869e+00
   2.4000000e+01   1.5314803e+00   9.9129476e-01   1.9479167e+00   1.4089572e+00
   2.5000000e+01   1.4702264e+00   9.5167628e-01   1.8700000e+00   1.3527239e+00
   2.6000000e+01   1.4136836e+00   9.1523558e-01   1.7980769e+00   1.3008142e+00
   2.7000000e+01   1.3614219e+00   8.8149663e-01   1.7314815e+00   1.2527500e+00
   2.8000000e+01   1.3128057e+00   8.5004078e-01   1.6696429e+00   1.2084534e+00
   2.9000000e+01   1.2675415e+00   8.2093281e-01   1.6120690e+00   1.1668971e+00
   3.0000000e+01   1.2252944e+00   7.9370819e-01   1.5583333e+00   1.1281084e+00
   3.1000000e+01   1.1857724e+00   7.6835456e-01   1.5081648e+00   1.0921283e+00
   3.2000000e+01   1.1487200e+00   7.4447851e-01   1.4610376e+00   1.0581074e+00
   3.3000000e+01   1.1139906e+00   7.2220797e-01   1.4168603e+00   1.0262876e+00
   3.4000000e+01   1.0813042e+00   7.0115088e-01   1.3751927e+00   9.9648134e-01
   3.5000000e+01   1.0504154e+00   6.8124692e-01   1.3359056e+00   9.6818137e-01
   3.6000000e+01   1.0212420e+00   6.6244783e-01   1.2988872e+00   9.4151892e-01
   3.7000000e+01   9.9364513e-01   6.4466436e-01   1.2637874e+00   9.1661818e-01
   3.8000000e+01   9.6756685e-01   6.2786223e-01   1.2305345e+00   8.9266435e-01
   3.9000000e+01   9.4282808e-01   6.1187784e-01   1.1989864e+00   8.7023708e-01
   4.0000000e+01   9.1926302e-01   5.9664894e-01   1.1690935e+00   8.4864326e-01
   4.1000000e+01   8.9684695e-01   5.8224630e-01   1.1405840e+00   8.2810143e-01
   4.2000000e+01   8.7549786e-01   5.6857204e-01   1.1134316e+00   8.0864821e-01
   4.3000000e+01   8.5514136e-01   5.5549444e-01   1.0875417e+00   7.9004642e-01
   4.4000000e+01   8.3576712e-01   5.4305098e-01   1.0628282e+00   7.7234245e-01
   4.5000000e+01   8.1719881e-01   5.3108446e-01   1.0392129e+00   7.5542792e-01
   4.6000000e+01   7.9949216e-01   5.1963823e-01   1.0166241e+00   7.3919829e-01
   4.7000000e+01   7.8253993e-01   5.0875301e-01   9.9512977e-01   7.2380820e-01
   4.8000000e+01   7.6624214e-01   4.9821305e-01   9.7446855e-01   7.0906270e-01
   4.9000000e+01   7.5066071e-01   4.8813794e-01   9.5471444e-01   6.9492126e-01
   5.0000000e+01   7.3565263e-01   4.7853558e-01   9.3562750e-01   6.8134856e-01
   5.1000000e+01   7.2128211e-01   4.6937835e-01   9.1735036e-01   6.6817091e-01
   5.2000000e+01   7.0741641e-01   4.6054164e-01   8.9971612e-01   6.5549930e-01
   5.3000000e+01   6.9407357e-01   4.5194204e-01   8.8274680e-01   6.4321658e-01
   5.4000000e+01   6.8131743e-01   4.4372411e-01   8.6640551e-01   6.3156001e-01
   5.5000000e+01   6.6898119e-01   4.3593234e-01   8.5077273e-01   6.2020035e-01
   5.6000000e+01   6.5704086e-01   4.2826602e-01   8.3564303e-01   6.0932938e-01
   5.7000000e+01   6.4551910e-01   4.2086885e-01   8.2104466e-01   5.9879940e-01
   5.8000000e+01   6.3443803e-01   4.1378584e-01   8.0689609e-01   5.8863157e-01
   5.9000000e+01   6.2373289e-01   4.0685594e-01   7.9322665e-01   5.7896767e-01
   6.0000000e+01   6.1334270e-01   4.0018534e-01   7.8006444e-01   5.6958808e-01
   6.1000000e+01   6.0329283e-01   3.9373318e-01   7.6733418e-01   5.6032568e-01
   6.2000000e+01   5.9360735e-01   3.8757310e-01   7.5501547e-01   5.5147358e-01
   6.3000000e+01   5.8422969e-01   3.8152705e-01   7.4318700e-01   5.4286541e-01
   6.4000000e+01   5.7518519e-01   3.7569709e-01   7.3158337e-01   5.3463549e-01
   6.5000000e+01   5.6634198e-01   3.7010015e-01   7.2057793e-01   5.2673204e-01
   6.6000000e+01   5.5776641e-01   3.6462113e-01   7.0967089e-01   5.1896419e-01
   6.7000000e+01   5.4944651e-01   3.5925367e-01   6.9908881e-01   5.1135821e-01
   6.8000000e+01   5.4137103e-01   3.5406900e-01   6.8886334e-01   5.0401018e-01
   6.9000000e+01   5.3352937e-01   3.4905966e-01   6.7898008e-01   4.9690897e-01
   7.0000000e+01   5.2594756e-01   3.4416878e-01   6.6929020e-01   4.9011148e-01
   7.1000000e+01   5.1854404e-01   3.3944014e-01   6.5991682e-01   4.8337532e-01
   7.2000000e+01   5.1138085e-01   3.3484256e-01   6.5080388e-01   4.7679376e-01
   7.3000000e+01   5.0437974e-01   3.3039482e-01   6.4194078e-01   4.7045651e-01
   7.4000000e+01   4.9756764e-01   3.2611505e-01   6.3335948e-01   4.6451100e-01
   7.5000000e+01   4.9093699e-01   3.2197375e-01   6.2492417e-01   4.5869722e-01
   7.6000000e+01   4.8451385e-01   3.1785089e-01   6.1675134e-01   4.5291418e-01
   7.7000000e+01   4.7825761e-01   3.1388037e-01   6.0887204e-01   4.4719192e-01
   7.8000000e+01   4.7212983e-01   3.0996749e-01   6.0119593e-01   4.4167538e-01
   7.9000000e+01   4.6618899e-01   3.0610987e-01   5.9375435e-01   4.3626903e-01
   8.0000000e+01   4.6039683e-01   3.0236979e-01   5.8642192e-01   4.3099812e-01
   8.1000000e+01   4.5471673e-01   2.9885047e-01   5.7919419e-01   4.2582879e-01
   8.2000000e+01   4.4920555e-01   2.9537590e-01   5.7225633e-01   4.2092787e-01
   8.3000000e+01   4.4388811e-01   2.9192312e-01   5.6548604e-01   4.1606162e-01
   8.4000000e+01   4.3863816e-01   2.8859353e-01   5.5887791e-01   4.1136690e-01
   8.5000000e+01   4.3351207e-01   2.8534274e-01   5.5246302e-01   4.0672851e-01
   8.6000000e+01   4.2847592e-01   2.8212741e-01   5.4612580e-01   4.0227964e-01
   8.7000000e+01   4.2358431e-01   2.7904557e-01   5.3989852e-01   3.9801470e-01
   8.8000000e+01   4.1886115e-01   2.7591615e-01   5.3384798e-01   3.9366272e-01
   8.9000000e+01   4.1421649e-01   2.7299305e-01   5.2796856e-01   3.8938223e-01
   9.0000000e+01   4.0964754e-01   2.7005836e-01   5.2215110e-01   3.8527410e-01
   9.1000000e+01   4.0526191e-01   2.6730260e-01   5.1649550e-01   3.8123115e-01
   9.2000000e+01   4.0089072e-01   2.6447562e-01   5.1089499e-01   3.7742822e-01
   9.3000000e+01   3.9669470e-01   2.6183970e-01   5.0554864e-01   3.7368368e-01
   9.4000000e+01   3.9248162e-01   2.5926080e-01   5.0021725e-01   3.7006911e-01
   9.5000000e+01   3.8835694e-01   2.5668230e-01   4.9512987e-01   3.6633608e-01
   9.6000000e+01   3.8437015e-01   2.5421234e-01   4.9001878e-01   3.6282660e-01
   9.7000000e+01   3.8049186e-01   2.5182985e-01   4.8501295e-01   3.5927008e-01
   9.8000000e+01   3.7664207e-01   2.4930240e-01   4.8029990e-01   3.5578593e-01
   9.9000000e+01   3.7292089e-01   2.4691279e-01   4.7555780e-01   3.5241886e-01
   1.0000000e+02   3.6922405e-01   2.4465758e-01   4.7087989e-01   3.4904981e-01
   1.0100000e+02   3.6560044e-01   2.4234521e-01   4.6629448e-01   3.4572380e-01
   1.0200000e+02   3.6204788e-01   2.4011164e-01   4.6195171e-01   3.4257684e-01
   1.0300000e+02   3.5858880e-01   2.3787135e-01   4.5751306e-01   3.3942359e-01
   1.0400000e+02   3.5519632e-01   2.3564064e-01   4.5324941e-01   3.3642054e-01
   1.0500000e+02   3.5182069e-01   2.3356721e-01   4.4900814e-01   3.3345309e-01
   1.0600000e+02   3.4853217e-01   2.3156625e-01   4.4484671e-01   3.3052012e-01
   1.0700000e+02   3.4532865e-01   2.2950625e-01   4.4082141e-01   3.2762042e-01
   1.0800000e+02   3.4213804e-01   2.2750031e-01   4.3687114e-01   3.2488284e-01
   1.0900000e+02   3.3909788e-01   2.2549953e-01   4.3296534e-01   3.2206782e-01
   1.1000000e+02   3.3609089e-01   2.2359764e-01   4.2907397e-01   3.1934600e-01
   1.1100000e+02   3.3316107e-01   2.2171499e-01   4.2528028e-01   3.1661034e-01
   1.1200000e+02   3.3023924e-01   2.1989685e-01   4.2158231e-01   3.1404844e-01
   1.1300000e+02   3.2736913e-01   2.1806535e-01   4.1800538e-01   3.1153291e-01
   1.1400000e+02   3.2452736e-01   2.1625077e-01   4.1440925e-01   3.0893885e-01
   1.1500000e+02   3.2182259e-01   2.1449789e-01   4.1084861e-01   3.0642991e-01
   1.1600000e+02   3.1912167e-01   2.1280515e-01   4.0740288e-01   3.0400492e-01
   1.1700000e+02   3.1642409e-01   2.1114140e-01   4.0396296e-01   3.0160160e-01
   1.1800000e+02   3.1379351e-01   2.0949198e-01   4.0079240e-01   2.9933829e-01
   1.1900000e+02   3.1118601e-01   2.0791827e-01   3.9751941e-01   2.9703536e-01
   1.2000000e+02   3.0866382e-01   2.0630927e-01   3.9443074e-01   2.9479043e-01
   1.2100000e+02   3.0616269e-01   2.0474141e-01   3.9131686e-01   2.9254995e-01
   1.2200000e+02   3.0370271e-01   2.0315675e-01   3.8817812e-01   2.9035966e-01
   1.2300000e+02   3.0128280e-01   2.0163983e-01   3.8514098e-01   2.8824324e-01
   1.2400000e+02   2.9886140e-01   2.0014753e-01   3.8222827e-01   2.8610487e-01
   1.2500000e+02   2.9651875e-01   1.9863781e-01   3.7926324e-01   2.8405680e-01
   1.2600000e+02   2.9423328e-01   1.9719306e-01   3.7632062e-01   2.8198607e-01
   1.2700000e+02   2.9194447e-01   1.9579843e-01   3.7339963e-01   2.7996613e-01
   1.2800000e+02   2.8975010e-01   1.9437179e-01   3.7057273e-01   2.7799658e-01
   1.2900000e+02   2.8755120e-01   1.9306160e-01   3.6791015e-01   2.7613013e-01
   1.3000000e+02   2.8534749e-01   1.9169201e-01   3.6526568e-01   2.7425715e-01
   1.3100000e+02   2.8321553e-01   1.9035652e-01   3.6268592e-01   2.7232432e-01
   1.3200000e+02   2.8111590e-01   1.8902834e-01   3.6002813e-01   2.7050911e-01
   1.3300000e+02   2.7904796e-01   1.8766812e-01   3.5745733e-01   2.6872164e-01
   1.3400000e+02   2.7699218e-01   1.8637951e-01   3.5487864e-01   2.6692625e-01
   1.3500000e+02   2.7498543e-01   1.8516111e-01   3.5249965e-01   2.6519234e-01
   1.3600000e+02   2.7300803e-01   1.8389753e-01   3.4999628e-01   2.6355317e-01
   1.3700000e+02   2.7107794e-01   1.8266499e-01   3.4766598e-01   2.6187063e-01
   1.3800000e+02   2.6917602e-01   1.8150027e-01   3.4532510e-01   2.6022967e-01
   1.3900000e+02   2.6730165e-01   1.8031550e-01   3.4295123e-01   2.5849530e-01
   1.4000000e+02   2.6541832e-01   1.7911061e-01   3.4065577e-01   2.5685207e-01
   1.4100000e+02   2.6357951e-01   1.7797160e-01   3.3837106e-01   2.5519947e-01
   1.4200000e+02   2.6178420e-01   1.7683695e-01   3.3611860e-01   2.5370135e-01
   1.4300000e+02   2.6001414e-01   1.7574216e-01   3.3385436e-01   2.5217603e-01
   1.4400000e+02   2.5826882e-01   1.7468708e-01   3.3168620e-01   2.5060741e-01
   1.4500000e+02   2.5653045e-01   1.7363496e-01   3.2965609e-01   2.4914091e-01
   1.4600000e+02   2.5483305e-01   1.7252633e-01   3.2746241e-01   2.4769493e-01
   1.4700000e+02   2.5319291e-01   1.7153860e-01   3.2559499e-01   2.4618979e-01
   1.4800000e+02   2.5154153e-01   1.7045951e-01   3.2352314e-01   2.4470491e-01
   1.4900000e+02   2.4991242e-01   1.6947852e-01   3.2152083e-01   2.4331819e-01
   1.5000000e+02   2.4835543e-01   1.6845241e-01   3.1946254e-01   2.4193481e-01
   1.5100000e+02   2.4678605e-01   1.6746108e-01   3.1751392e-01   2.4060116e-01
   1.5200000e+02   2.4522100e-01   1.6643737e-01   3.1559118e-01   2.3914738e-01
   1.5300000e+02   2.4369294e-01   1.6549477e-01   3.1371417e-01   2.3777313e-01
   1.5400000e+02   2.4220126e-01   1.6464323e-01   3.1186207e-01   2.3646233e-01
   1.5500000e+02   2.4072910e-01   1.6372519e-01   3.0999407e-01   2.3519879e-01
   1.5600000e+02   2.3925999e-01   1.6273047e-01   3.0815025e-01   2.3403580e-01
   1.5700000e+02   2.3779364e-01   1.6186922e-01   3.0648881e-01   2.3277511e-01
   1.5800000e+02   2.3636199e-01   1.6096464e-01   3.0473123e-01   2.3151611e-01
   1.5900000e+02   2.3490103e-01   1.6004979e-01   3.0287853e-01   2.3033173e-01
   1.6000000e+02   2.3350530e-01   1.5918950e-01   3.0116568e-01   2.2914802e-01
   1.6100000e+02   2.3209578e-01   1.5826490e-01   2.9939678e-01   2.2797947e-01
   1.6200000e+02   2.3068818e-01   1.5737280e-01   2.9774570e-01   2.2677080e-01
   1.6300000e+02   2.2935939e-01   1.5653395e-01   2.9601987e-01   2.2555996e-01
   1.6400000e+02   2.2798572e-01   1.5574768e-01   2.9442893e-01   2.2439239e-01
   1.6500000e+02   2.2668950e-01   1.5496091e-01   2.9272561e-01   2.2329559e-01
   1.6600000e+02   2.2542434e-01   1.5413177e-01   2.9123027e-01   2.2217033e-01
   1.6700000e+02   2.2414448e-01   1.5328149e-01   2.8964171e-01   2.2104473e-01
   1.6800000e+02   2.2292484e-01   1.5251336e-01   2.8810914e-01   2.2004367e-01
   1.6900000e+02   2.2167539e-01   1.5174412e-01   2.8666874e-01   2.1904581e-01
   1.7000000e+02   2.2047031e-01   1.5096390e-01   2.8511801e-01   2.1791875e-01
   1.7100000e+02   2.1925012e-01   1.5022406e-01   2.8356734e-01   2.1680474e-01
   1.7200000e+02   2.1805870e-01   1.4944184e-01   2.8203470e-01   2.1581199e-01
   1.7300000e+02   2.1683786e-01   1.4876017e-01   2.8062768e-01   2.1472323e-01
   1.7400000e+02   2.1563090e-01   1.4801553e-01   2.7920156e-01   2.1368696e-01
   1.7500000e+02   2.1448077e-01   1.4730910e-01   2.7764959e-01   2.1278259e-01
   1.7600000e+02   2.1332959e-01   1.4655180e-01   2.7627388e-01   2.1173028e-01
   1.7700000e+02   2.1220568e-01   1.4587150e-01   2.7498446e-01   2.1088725e-01
   1.7800000e+02   2.1108046e-01   1.4516975e-01   2.7364083e-01   2.0996273e-01
   1.7900000e+02   2.0996791e-01   1.4448561e-01   2.7227755e-01   2.0906214e-01
   1.8000000e+02   2.0883986e-01   1.4381128e-01   2.7094690e-01   2.0812371e-01
   1.8100000e+02   2.0776587e-01   1.4312334e-01   2.6957962e-01   2.0711489e-01
   1.8200000e+02   2.0669004e-01   1.4247154e-01   2.6827849e-01   2.0620646e-01
   1.8300000e+02   2.0563966e-01   1.4183642e-01   2.6695793e-01   2.0527008e-01
   1.8400000e+02   2.0454628e-01   1.4123658e-01   2.6570253e-01   2.0445790e-01
   1.8500000e+02   2.0358681e-01   1.4062491e-01   2.6449456e-01   2.0364243e-01
   1.8600000e+02   2.0262463e-01   1.4003866e-01   2.6328344e-01   2.0277358e-01
   1.8700000e+02   2.0159259e-01   1.3941285e-01   2.6215229e-01   2.0196414e-01
   1.8800000e+02   2.0061154e-01   1.3878441e-01   2.6100072e-01   2.0112652e-01
   1.8900000e+02   1.9958787e-01   1.3818107e-01   2.5991133e-01   2.0029801e-01
   1.9000000e+02   1.9856168e-01   1.3753859e-01   2.5876865e-01   1.9946608e-01
   1.9100000e+02   1.9761186e-01   1.3691187e-01   2.5757314e-01   1.9872840e-01
   1.9200000e+02   1.9671127e-01   1.3627360e-01   2.5637408e-01   1.9790194e-01
   1.9300000e+02   1.9574233e-01   1.3571352e-01   2.5530027e-01   1.9713226e-01
   1.9400000e+02   1.9478339e-01   1.3509700e-01   2.5418994e-01   1.9633483e-01
   1.9500000e+02   1.9385997e-01   1.3454883e-01   2.5313913e-01   1.9555780e-01
   1.9600000e+02   1.9289481e-01   1.3401512e-01   2.5206788e-01   1.9473315e-01
   1.9700000e+02   1.9196471e-01   1.3343598e-01   2.5091293e-01   1.9399578e-01
   1.9800000e+02   1.9109476e-01   1.3286984e-01   2.4991106e-01   1.9317195e-01
   1.9900000e+02   1.9025901e-01   1.3230075e-01   2.4890424e-01   1.9235916e-01
   2.0000000e+02   1.8935670e-01   1.3175466e-01   2.4784560e-01   1.9165622e-01
   2.0100000e+02   1.8847572e-01   1.3123216e-01   2.4681317e-01   1.9094905e-01
   2.0200000e+02   1.8764081e-01   1.3070551e-01   2.4585297e-01   1.9020301e-01
   2.0300000e+02   1.8678961e-01   1.3015853e-01   2.4479535e-01   1.8953336e-01
   2.0400000e+02   1.8592224e-01   1.2962540e-01   2.4376314e-01   1.8876770e-01
   2.0500000e+02   1.8514892e-01   1.2908906e-01   2.4278687e-01   1.8805479e-01
   2.0600000e+02   1.8435922e-01   1.2858313e-01   2.4179015e-01   1.8739729e-01
   2.0700000e+02   1.8357736e-01   1.2811559e-01   2.4084821e-01   1.8666455e-01
   2.0800000e+02   1.8276705e-01   1.2765277e-01   2.3988562e-01   1.8595001e-01
   2.0900000e+02   1.8197651e-01   1.2715330e-01   2.3890279e-01   1.8532016e-01
   2.1000000e+02   1.8119366e-01   1.2668324e-01   2.3801819e-01   1.8479870e-01
   2.1100000e+02   1.8041835e-01   1.2630797e-01   2.3705395e-01   1.8408531e-01
   2.1200000e+02   1.7961492e-01   1.2581689e-01   2.3624556e-01   1.8345222e-01
   2.1300000e+02   1.7881894e-01   1.2534424e-01   2.3537253e-01   1.8273772e-01
   2.1400000e+02   1.7808894e-01   1.2485178e-01   2.3443524e-01   1.8209506e-01
   2.1500000e+02   1.7736604e-01   1.2439602e-01   2.3349221e-01   1.8141515e-01
   2.1600000e+02   1.7660354e-01   1.2395258e-01   2.3261550e-01   1.8084935e-01
   2.1700000e+02   1.7584799e-01   1.2355326e-01   2.3171836e-01   1.8029234e-01
   2.1800000e+02   1.7513389e-01   1.2318961e-01   2.3091526e-01   1.7968414e-01
   2.1900000e+02   1.7438065e-01   1.2272172e-01   2.3006303e-01   1.7902850e-01
   2.2000000e+02   1.7370267e-01   1.2229608e-01   2.2913392e-01   1.7848469e-01
   2.2100000e+02   1.7299705e-01   1.2188086e-01   2.2826946e-01   1.7786503e-01
   2.2200000e+02   1.7229783e-01   1.2140723e-01   2.2755285e-01   1.7732108e-01
   2.2300000e+02   1.7164993e-01   1.2101733e-01   2.2671795e-01   1.7677480e-01
   2.2400000e+02   1.7104174e-01   1.2057498e-01   2.2589037e-01   1.7620999e-01
   2.2500000e+02   1.7039476e-01   1.2015961e-01   2.2512976e-01   1.7566068e-01
   2.2600000e+02   1.6973153e-01   1.1971738e-01   2.2439972e-01   1.7515761e-01
   2.2700000e+02   1.6905211e-01   1.1935517e-01   2.2377246e-01   1.7464913e-01
   2.2800000e+02   1.6837868e-01   1.1895919e-01   2.2304226e-01   1.7413510e-01
   2.2900000e+02   1.6775506e-01   1.1859625e-01   2.2227820e-01   1.7368704e-01
   2.3000000e+02   1.6716973e-01   1.1826365e-01   2.2150727e-01   1.7316235e-01
   2.3100000e+02   1.6651375e-01   1.1789428e-01   2.2081046e-01   1.7272294e-01
   2.3200000e+02   1.6586339e-01   1.1748165e-01   2.2009334e-01   1.7226783e-01
   2.3300000e+02   1.6520784e-01   1.1711705e-01   2.1943620e-01   1.7176695e-01
   2.3400000e+02   1.6466521e-01   1.1675566e-01   2.1874527e-01   1.7124072e-01
   2.3500000e+02   1.6404212e-01   1.1636807e-01   2.1800744e-01   1.7079095e-01
   2.3600000e+02   1.6344554e-01   1.1604229e-01   2.1728918e-01   1.7038225e-01
   2.3700000e+02   1.6285414e-01   1.1568312e-01   2.1653763e-01   1.6985950e-01
   2.3800000e+02   1.6227835e-01   1.1531250e-01   2.1588394e-01   1.6938355e-01
   2.3900000e+02   1.6168657e-01   1.1497397e-01   2.1527512e-01   1.6897682e-01
   2.4000000e+02   1.6115212e-01   1.1467667e-01   2.1456817e-01   1.6850897e-01
   2.4100000e+02   1.6064319e-01   1.1437268e-01   2.1376388e-01   1.6798404e-01
   2.4200000e+02   1.6009737e-01   1.1404516e-01   2.1312016e-01   1.6749226e-01
   2.4300000e+02   1.5952526e-01   1.1367557e-01   2.1246918e-01   1.6704287e-01
   2.4400000e+02   1.5892700e-01   1.1333728e-01   2.1188758e-01   1.6654956e-01
   2.4500000e+02   1.5838479e-01   1.1301807e-01   2.1118420e-01   1.6607247e-01
   2.4600000e+02   1.5788790e-01   1.1266519e-01   2.1052442e-01   1.6562503e-01
   2.4700000e+02   1.5740548e-01   1.1235630e-01   2.0998354e-01   1.6516248e-01
   2.4800000e+02   1.5685649e-01   1.1200821e-01   2.0935967e-01   1.6474394e-01
   2.4900000e+02   1.5634218e-01   1.1164904e-01   2.0881595e-01   1.6424522e-01
   2.5000000e+02   1.5584219e-01   1.1128576e-01   2.0817752e-01   1.6380604e-01
   2.5100000e+02   1.5528637e-01   1.1100099e-01   2.0765580e-01   1.6338612e-01
   2.5200000e+02   1.5479468e-01   1.1068440e-01   2.0715104e-01   1.6294202e-01
   2.5300000e+02   1.5427729e-01   1.1038407e-01   2.0657711e-01   1.6249222e-01
   2.5400000e+02   1.5376404e-01   1.1007491e-01   2.0603241e-01   1.6212851e-01
   2.5500000e+02   1.5328443e-01   1.0971847e-01   2.0554122e-01   1.6164008e-01
   2.5600000e+02   1.5281854e-01   1.0939172e-01   2.0498147e-01   1.6120301e-01
   2.5700000e+02   1.5231743e-01   1.0906077e-01   2.0452311e-01   1.6073989e-01
   2.5800000e+02   1.5184945e-01   1.0877254e-01   2.0398440e-01   1.6028937e-01
   2.5900000e+02   1.5138522e-01   1.0858015e-01   2.0348616e-01   1.6004015e-01
   2.6000000e+02   1.5089581e-01   1.0832984e-01   2.0295625e-01   1.5971290e-01
   2.6100000e+02   1.5046795e-01   1.0801542e-01   2.0247832e-01   1.5932604e-01
   2.6200000e+02   1.5002446e-01   1.0776278e-01   2.0198073e-01   1.5888903e-01
   2.6300000e+02   1.4957495e-01   1.0749916e-01   2.0142807e-01   1.5854373e-01
   2.6400000e+02   1.4912897e-01   1.0723760e-01   2.0090327e-01   1.5813071e-01
   2.6500000e+02   1.4871500e-01   1.0697819e-01   2.0038256e-01   1.5781139e-01
   2.6600000e+02   1.4829486e-01   1.0668186e-01   1.9981925e-01   1.5744211e-01
   2.6700000e+02   1.4782173e-01   1.0636192e-01   1.9922519e-01   1.5707316e-01
   2.6800000e+02   1.4739894e-01   1.0612167e-01   1.9885598e-01   1.5673540e-01
   2.6900000e+02   1.4693283e-01   1.0588331e-01   1.9837528e-01   1.5637428e-01
   2.7000000e+02   1.4648870e-01   1.0561491e-01   1.9796678e-01   1.5599878e-01
   2.7100000e+02   1.4611275e-01   1.0543991e-01   1.9750437e-01   1.5565183e-01
   2.7200000e+02   1.4576763e-01   1.0520725e-01   1.9704552e-01   1.5529912e-01
   2.7300000e+02   1.4534263e-01   1.0494049e-01   1.9661300e-01   1.5501706e-01
   2.7400000e+02   1.4492085e-01   1.0468629e-01   1.9619558e-01   1.5470984e-01
   2.7500000e+02   1.4450220e-01   1.0443406e-01   1.9580410e-01   1.5435777e-01
   2.7600000e+02   1.4411399e-01   1.0411484e-01   1.9534826e-01   1.5400668e-01
   2.7700000e+02   1.4374675e-01   1.0386634e-01   1.9488468e-01   1.5366471e-01
   2.7800000e+02   1.4341858e-01   1.0358242e-01   1.9444695e-01   1.5329175e-01
   2.7900000e+02   1.4303014e-01   1.0335004e-01   1.9403500e-01   1.5300487e-01
   2.8000000e+02   1.4260877e-01   1.0314414e-01   1.9362623e-01   1.5267046e-01
   2.8100000e+02   1.4226185e-01   1.0289071e-01   1.9318751e-01   1.5237162e-01
   2.8200000e+02   1.4191766e-01   1.0263903e-01   1.9277396e-01   1.5210817e-01
   2.8300000e+02   1.4153177e-01   1.0241360e-01   1.9235262e-01   1.5185755e-01
   2.8400000e+02   1.4111336e-01   1.0222645e-01   1.9204391e-01   1.5160421e-01
   2.8500000e+02   1.4076827e-01   1.0196802e-01   1.9169434e-01   1.5135514e-01
   2.8600000e+02   1.4039943e-01   1.0176167e-01   1.9131507e-01   1.5101045e-01
   2.8700000e+02   1.4003621e-01   1.0155497e-01   1.9090622e-01   1.5069252e-01
   2.8800000e+02   1.3961171e-01   1.0132910e-01   1.9046316e-01   1.5033645e-01
   2.8900000e+02   1.3925085e-01   1.0109552e-01   1.9012481e-01   1.5007143e-01
   2.9000000e+02   1.3887525e-01   1.0088150e-01   1.8975695e-01   1.4985045e-01
   2.9100000e+02   1.3851093e-01   1.0066309e-01   1.8940263e-01   1.4954943e-01
   2.9200000e+02   1.3814053e-01   1.0047182e-01   1.8905104e-01   1.4923464e-01
   2.9300000e+02   1.3779853e-01   1.0027608e-01   1.8870215e-01   1.4892200e-01
   2.9400000e+02   1.3747595e-01   1.0009941e-01   1.8841946e-01   1.4869862e-01
   2.9500000e+02   1.3708771e-01   9.9887090e-02   1.8810752e-01   1.4842973e-01
   2.9600000e+02   1.3672749e-01   9.9717143e-02   1.8772439e-01   1.4814811e-01
   2.9700000e+02   1.3641194e-01   9.9513652e-02   1.8741747e-01   1.4784829e-01
   2.9800000e+02   1.3610710e-01   9.9311500e-02   1.8712328e-01   1.4762424e-01
   2.9900000e+02   1.3576262e-01   9.9111910e-02   1.8673784e-01   1.4734741e-01
   3.0000000e+02   1.3547063e-01   9.8878081e-02   1.8632394e-01   1.4704148e-01
   3.0100000e+02   1.3515574e-01   9.8685926e-02   1.8605745e-01   1.4671432e-01
   3.0200000e+02   1.3480159e-01   9.8489411e-02   1.8570050e-01   1.4640724e-01
   3.0300000e+02   1.3443319e-01   9.8278940e-02   1.8539728e-01   1.4613029e-01
   3.0400000e+02   1.3414969e-01   9.8102165e-02   1.8511686e-01   1.4590553e-01
   3.0500000e+02   1.3376133e-01   9.7892688e-02   1.8484890e-01   1.4564456e-01
   3.0600000e+02   1.3346006e-01   9.7718509e-02   1.8461352e-01   1.4540354e-01
   3.0700000e+02   1.3315005e-01   9.7556805e-02   1.8434146e-01   1.4512117e-01
   3.0800000e+02   1.3285843e-01   9.7362618e-02   1.8405958e-01   1.4482304e-01
   3.0900000e+02   1.3256880e-01   9.7164189e-02   1.8372956e-01   1.4461216e-01
   3.1000000e+02   1.3227307e-01   9.6972674e-02   1.8347198e-01   1.4434032e-01
   3.1100000e+02   1.3196329e-01   9.6784251e-02   1.8320650e-01   1.4414659e-01
   3.1200000e+02   1.3169576e-01   9.6619109e-02   1.8293304e-01   1.4391802e-01
   3.1300000e+02   1.3139812e-01   9.6431274e-02   1.8265162e-01   1.4371081e-01
   3.1400000e+02   1.3114242e-01   9.6255715e-02   1.8237237e-01   1.4349253e-01
   3.1500000e+02   1.3084869e-01   9.6070382e-02   1.8211482e-01   1.4327028e-01
   3.1600000e+02   1.3054891e-01   9.5932949e-02   1.8185907e-01   1.4292751e-01
   3.1700000e+02   1.3026154e-01   9.5766342e-02   1.8162485e-01   1.4265278e-01
   3.1800000e+02   1.3005244e-01   9.5608008e-02   1.8144149e-01   1.4243565e-01
   3.1900000e+02   1.2979776e-01   9.5470693e-02   1.8117199e-01   1.4221047e-01
   3.2000000e+02   1.2948997e-01   9.5285801e-02   1.8098221e-01   1.4202241e-01
   3.2100000e+02   1.2920754e-01   9.5141538e-02   1.8067876e-01   1.4176878e-01
   3.2200000e+02   1.2889576e-01   9.4982189e-02   1.8040523e-01   1.4150313e-01
   3.2300000e+02   1.2864023e-01   9.4806087e-02   1.8012404e-01   1.4126215e-01
   3.2400000e+02   1.2840197e-01   9.4634563e-02   1.7995018e-01   1.4112980e-01
   3.2500000e+02   1.2813447e-01   9.4497818e-02   1.7983525e-01   1.4089902e-01
   3.2600000e+02   1.2785333e-01   9.4317730e-02   1.7957847e-01   1.4072914e-01
   3.2700000e+02   1.2762758e-01   9.4167083e-02   1.7939954e-01   1.4052745e-01
   3.2800000e+02   1.2737288e-01   9.3996371e-02   1.7915571e-01   1.4029163e-01
   3.2900000e+02   1.2714268e-01   9.3810924e-02   1.7894200e-01   1.4004417e-01
   3.3000000e+02   1.2689884e-01   9.3663233e-02   1.7872989e-01   1.3986282e-01
   3.3100000e+02   1.2668697e-01   9.3538815e-02   1.7851284e-01   1.3963128e-01
   3.3200000e+02   1.2641611e-01   9.3373971e-02   1.7833193e-01   1.3940206e-01
   3.3300000e+02   1.2625988e-01   9.3244199e-02   1.7807764e-01   1.3920135e-01
   3.3400000e+02   1.2599985e-01   9.3120978e-02   1.7787153e-01   1.3903675e-01
   3.3500000e+02   1.2571143e-01   9.2936727e-02   1.7765774e-01   1.3881083e-01
   3.3600000e+02   1.2549191e-01   9.2779253e-02   1.7750090e-01   1.3866245e-01
   3.3700000e+02   1.2522170e-01   9.2679142e-02   1.7735458e-01   1.3843448e-01
   3.3800000e+02   1.2499763e-01   9.2564450e-02   1.7719126e-01   1.3824889e-01
   3.3900000e+02   1.2474544e-01   9.2414954e-02   1.7701078e-01   1.3808073e-01
   3.4000000e+02   1.2455376e-01   9.2266348e-02   1.7689565e-01   1.3795044e-01
   3.4100000e+02   1.2431927e-01   9.2118660e-02   1.7670194e-01   1.3775284e-01
   3.4200000e+02   1.2405922e-01   9.1983089e-02   1.7649171e-01   1.3753610e-01
   3.4300000e+02   1.2384956e-01   9.1822081e-02   1.7635279e-01   1.3734526e-01
   3.4400000e+02   1.2366316e-01   9.1667064e-02   1.7614268e-01   1.3715724e-01
   3.4500000e+02   1.2344890e-01   9.1537991e-02   1.7597902e-01   1.3697018e-01
   3.4600000e+02   1.2319977e-01   9.1391105e-02   1.7578055e-01   1.3675826e-01
   3.4700000e+02   1.2293761e-01   9.1275083e-02   1.7560130e-01   1.3660281e-01
   3.4800000e+02   1.2274903e-01   9.1209207e-02   1.7536983e-01   1.3635989e-01
   3.4900000e+02   1.2256179e-01   9.1084956e-02   1.7521100e-01   1.3619166e-01
   3.5000000e+02   1.2236134e-01   9.0966244e-02   1.7505339e-01   1.3601786e-01
   3.5100000e+02   1.2213359e-01   9.0802535e-02   1.7488798e-01   1.3583180e-01
   3.5200000e+02   1.2197133e-01   9.0654430e-02   1.7470610e-01   1.3564877e-01
   3.5300000e+02   1.2178897e-01   9.0497410e-02   1.7455185e-01   1.3551332e-01
   3.5400000e+02   1.2159355e-01   9.0375380e-02   1.7450802e-01   1.3531085e-01
   3.5500000e+02   1.2143470e-01   9.0312535e-02   1.7430343e-01   1.3517067e-01
   3.5600000e+02   1.2120651e-01   9.0151493e-02   1.7416125e-01   1.3500740e-01
   3.5700000e+02   1.2098662e-01   9.0052625e-02   1.7397007e-01   1.3486910e-01
   3.5800000e+02   1.2077498e-01   8.9899780e-02   1.7369965e-01   1.3468413e-01
   3.5900000e+02   1.2061347e-01   8.9781441e-02   1.7359515e-01   1.3452790e-01
   3.6000000e+02   1.2042523e-01   8.9640719e-02   1.7338794e-01   1.3439671e-01
   3.6100000e+02   1.2023810e-01   8.9577689e-02   1.7325343e-01   1.3419754e-01
   3.6200000e+02   1.2005907e-01   8.9471027e-02   1.7312729e-01   1.3405032e-01
   3.6300000e+02   1.1989705e-01   8.9352092e-02   1.7307772e-01   1.3385125e-01
   3.6400000e+02   1.1969949e-01   8.9204080e-02   1.7292854e-01   1.3368273e-01
   3.6500000e+02   1.1951002e-01   8.9064593e-02   1.7287191e-01   1.3353819e-01
   3.6600000e+02   1.1931680e-01   8.8927530e-02   1.7276505e-01   1.3337361e-01
   3.6700000e+02   1.1910898e-01   8.8800619e-02   1.7265067e-01   1.3323754e-01
   3.6800000e+02   1.1891598e-01   8.8697864e-02   1.7252028e-01   1.3313733e-01
   3.6900000e+02   1.1875125e-01   8.8605112e-02   1.7235712e-01   1.3300934e-01
   3.7000000e+02   1.1856039e-01   8.8491629e-02   1.7231262e-01   1.3287749e-01
   3.7100000e+02   1.1839091e-01   8.8344213e-02   1.7225478e-01   1.3273039e-01
   3.7200000e+02   1.1824944e-01   8.8211487e-02   1.7221988e-01   1.3258719e-01
   3.7300000e+02   1.1809545e-01   8.8099479e-02   1.7214766e-01   1.3249418e-01
   3.7400000e+02   1.1794915e-01   8.7931182e-02   1.7205579e-01   1.3229554e-01
   3.7500000e+02   1.1779709e-01   8.7788244e-02   1.7194813e-01   1.3214281e-01
   3.7600000e+02   1.1763931e-01   8.7697420e-02   1.7179992e-01   1.3200303e-01
   3.7700000e+02   1.1745585e-01   8.7596186e-02   1.7166912e-01   1.3187184e-01
   3.7800000e+02   1.1724686e-01   8.7485823e-02   1.7157472e-01   1.3173667e-01
   3.7900000e+02   1.1716464e-01   8.7389745e-02   1.7154398e-01   1.3165761e-01
   3.8000000e+02   1.1702382e-01   8.7289707e-02   1.7150020e-01   1.3149309e-01
   3.8100000e+02   1.1684438e-01   8.7172139e-02   1.7142974e-01   1.3134397e-01
   3.8200000e+02   1.1661997e-01   8.7055223e-02   1.7137623e-01   1.3126063e-01
   3.8300000e+02   1.1642936e-01   8.6934401e-02   1.7125844e-01   1.3114959e-01
   3.8400000e+02   1.1629851e-01   8.6854554e-02   1.7128039e-01   1.3102512e-01
   3.8500000e+02   1.1616851e-01   8.6766341e-02   1.7119905e-01   1.3091351e-01
   3.8600000e+02   1.1599392e-01   8.6665272e-02   1.7100562e-01   1.3080260e-01
   3.8700000e+02   1.1587207e-01   8.6561366e-02   1.7092285e-01   1.3061818e-01
   3.8800000e+02   1.1577039e-01   8.6498362e-02   1.7083516e-01   1.3055400e-01
   3.8900000e+02   1.1560497e-01   8.6417526e-02   1.7076175e-01   1.3040923e-01
   3.9000000e+02   1.1547905e-01   8.6287665e-02   1.7070483e-01   1.3029678e-01
   3.9100000e+02   1.1531732e-01   8.6190832e-02   1.7061318e-01   1.3019118e-01
   3.9200000e+02   1.1515459e-01   8.6079866e-02   1.7052828e-01   1.3009780e-01
   3.9300000e+02   1.1497990e-01   8.6007410e-02   1.7046768e-01   1.2995718e-01
   3.9400000e+02   1.1485707e-01   8.5950133e-02   1.7053610e-01   1.2991198e-01
   3.9500000e+02   1.1471597e-01   8.5876977e-02   1.7042891e-01   1.2979693e-01
   3.9600000e+02   1.1458834e-01   8.5791368e-02   1.7032503e-01   1.2969112e-01
   3.9700000e+02   1.1449306e-01   8.5678817e-02   1.7026387e-01   1.2958488e-01
   3.9800000e+02   1.1437530e-01   8.5610155e-02   1.7025017e-01   1.2944090e-01
   3.9900000e+02   1.1425624e-01   8.5517054e-02   1.7016257e-01   1.2934171e-01
   4.0000000e+02   1.1414412e-01   8.5429108e-02   1.7007186e-01   1.2919024e-01
   4.0100000e+02   1.1400899e-01   8.5367161e-02   1.6997869e-01   1.2907720e-01
   4.0200000e+02   1.1389201e-01   8.5249953e-02   1.6995328e-01   1.2896670e-01
   4.0300000e+02   1.1375085e-01   8.5184233e-02   1.6991053e-01   1.2885998e-01
   4.0400000e+02   1.1364147e-01   8.5062597e-02   1.7003938e-01   1.2875649e-01
   4.0500000e+02   1.1353894e-01   8.4965340e-02   1.7012279e-01   1.2863816e-01
   4.0600000e+02   1.1343088e-01   8.4887855e-02   1.7006815e-01   1.2855683e-01
   4.0700000e+02   1.1331737e-01   8.4810901e-02   1.6998972e-01   1.2848179e-01
   4.0800000e+02   1.1324753e-01   8.4717928e-02   1.6995683e-01   1.2834448e-01
   4.0900000e+02   1.1312312e-01   8.4631104e-02   1.6990527e-01   1.2826084e-01
   4.1000000e+02   1.1301775e-01   8.4561675e-02   1.6991863e-01   1.2813810e-01
   4.1100000e+02   1.1290076e-01   8.4511938e-02   1.6993225e-01   1.2803380e-01
   4.1200000e+02   1.1277837e-01   8.4425230e-02   1.6996124e-01   1.2788381e-01
   4.1300000e+02   1.1263236e-01   8.4325064e-02   1.6986248e-01   1.2782077e-01
   4.1400000e+02   1.1254768e-01   8.4264013e-02   1.6983190e-01   1.2774156e-01
   4.1500000e+02   1.1242122e-01   8.4178066e-02   1.6975909e-01   1.2764141e-01
   4.1600000e+02   1.1232557e-01   8.4098269e-02   1.6976661e-01   1.2753284e-01
   4.1700000e+02   1.1224859e-01   8.4028983e-02   1.6960292e-01   1.2743763e-01
   4.1800000e+02   1.1212413e-01   8.3977969e-02   1.6952406e-01   1.2737902e-01
   4.1900000e+02   1.1203620e-01   8.3857235e-02   1.6954207e-01   1.2732636e-01
   4.2000000e+02   1.1192499e-01   8.3794227e-02   1.6955299e-01   1.2720483e-01
   4.2100000e+02   1.1192163e-01   8.3700154e-02   1.6945837e-01   1.2710609e-01
   4.2200000e+02   1.1178783e-01   8.3628676e-02   1.6944527e-01   1.2705050e-01
   4.2300000e+02   1.1172586e-01   8.3587409e-02   1.6942910e-01   1.2697548e-01
   4.2400000e+02   1.1168209e-01   8.3468831e-02   1.6942393e-01   1.2691557e-01
   4.2500000e+02   1.1158564e-01   8.3378190e-02   1.6947756e-01   1.2678319e-01
   4.2600000e+02   1.1150741e-01   8.3325816e-02   1.6953857e-01   1.2662412e-01
   4.2700000e+02   1.1140618e-01   8.3287196e-02   1.6960695e-01   1.2654379e-01
   4.2800000e+02   1.1128793e-01   8.3234818e-02   1.6959551e-01   1.2643844e-01
   4.2900000e+02   1.1121887e-01   8.3145838e-02   1.6960277e-01   1.2640808e-01
   4.3000000e+02   1.1110950e-01   8.3099766e-02   1.6959910e-01   1.2635100e-01
   4.3100000e+02   1.1096389e-01   8.3059701e-02   1.6973270e-01   1.2621664e-01
   4.3200000e+02   1.1091180e-01   8.2985961e-02   1.6981044e-01   1.2613779e-01
   4.3300000e+02   1.1076748e-01   8.2923482e-02   1.6990795e-01   1.2608523e-01
   4.3400000e+02   1.1066996e-01   8.2838180e-02   1.6992114e-01   1.2600084e-01
   4.3500000e+02   1.1058456e-01   8.2763481e-02   1.6993668e-01   1.2588484e-01
   4.3600000e+02   1.1058358e-01   8.2665414e-02   1.7004321e-01   1.2577108e-01
   4.3700000e+02   1.1049913e-01   8.2592506e-02   1.7005913e-01   1.2570031e-01
   4.3800000e+02   1.1041519e-01   8.2538336e-02   1.7007307e-01   1.2565277e-01
   4.3900000e+02   1.1036595e-01   8.2466359e-02   1.7011600e-01   1.2558212e-01
   4.4000000e+02   1.1033461e-01   8.2405602e-02   1.7014262e-01   1.2550818e-01
   4.4100000e+02   1.1025207e-01   8.2313488e-02   1.7007280e-01   1.2543120e-01
   4.4200000e+02   1.1016994e-01   8.2265910e-02   1.7017421e-01   1.2533671e-01
   4.4300000e+02   1.1011658e-01   8.2184804e-02   1.7022223e-01   1.2524176e-01
   4.4400000e+02   1.1004101e-01   8.2093838e-02   1.7016001e-01   1.2517916e-01
   4.4500000e+02   1.0995463e-01   8.2011476e-02   1.7022904e-01   1.2510765e-01
   4.4600000e+02   1.0985183e-01   8.1932916e-02   1.7030221e-01   1.2505057e-01
   4.4700000e+02   1.0982244e-01   8.1852508e-02   1.7037129e-01   1.2501791e-01
   4.4800000e+02   1.0981013e-01   8.1797808e-02   1.7041265e-01   1.2489265e-01
   4.4900000e+02   1.0975345e-01   8.1735674e-02   1.7042634e-01   1.2482640e-01
   4.5000000e+02   1.0973619e-01   8.1681568e-02   1.7045528e-01   1.2476547e-01
   4.5100000e+02   1.0969322e-01   8.1612428e-02   1.7049117e-01   1.2470522e-01
   4.5200000e+02   1.0963212e-01   8.1543622e-02   1.7053724e-01   1.2458873e-01
   4.5300000e+02   1.0962673e-01   8.1493376e-02   1.7049407e-01   1.2446081e-01
   4.5400000e+02   1.0956086e-01   8.1406166e-02   1.7050144e-01   1.2436029e-01
   4.5500000e+02   1.0947883e-01   8.1373220e-02   1.7052265e-01   1.2429060e-01
   4.5600000e+02   1.0939356e-01   8.1287941e-02   1.7057121e-01   1.2430619e-01
   4.5700000e+02   1.0932883e-01   8.1272102e-02   1.7052461e-01   1.2424290e-01
   4.5800000e+02   1.0925898e-01   8.1209977e-02   1.7054608e-01   1.2418511e-01
   4.5900000e+02   1.0922232e-01   8.1148328e-02   1.7052025e-01   1.2416652e-01
   4.6000000e+02   1.0919140e-01   8.1109303e-02   1.7050354e-01   1.2409700e-01
   4.6100000e+02   1.0911725e-01   8.1071621e-02   1.7057463e-01   1.2401840e-01
   4.6200000e+02   1.0906521e-01   8.1014205e-02   1.7064856e-01   1.2397613e-01
   4.6300000e+02   1.0901352e-01   8.0948753e-02   1.7072409e-01   1.2386798e-01
   4.6400000e+02   1.0892426e-01   8.0894750e-02   1.7080310e-01   1.2380316e-01
   4.6500000e+02   1.0885699e-01   8.0850005e-02   1.7080021e-01   1.2375509e-01
   4.6600000e+02   1.0878044e-01   8.0782742e-02   1.7084485e-01   1.2369602e-01
   4.6700000e+02   1.0876029e-01   8.0745490e-02   1.7084906e-01   1.2360449e-01
   4.6800000e+02   1.0876009e-01   8.0683900e-02   1.7082649e-01   1.2355808e-01
   4.6900000e+02   1.0870490e-01   8.0651853e-02   1.7087021e-01   1.2346506e-01
   4.7000000e+02   1.0861800e-01   8.0615304e-02   1.7089146e-01   1.2340916e-01
   4.7100000e+02   1.0855066e-01   8.0568701e-02   1.7101270e-01   1.2335372e-01
   4.7200000e+02   1.0854953e-01   8.0555632e-02   1.7107872e-01   1.2329367e-01
   4.7300000e+02   1.0845847e-01   8.0468818e-02   1.7119084e-01   1.2320346e-01
   4.7400000e+02   1.0838895e-01   8.0422211e-02   1.7124884e-01   1.2312271e-01
   4.7500000e+02   1.0829497e-01   8.0331899e-02   1.7129440e-01   1.2308839e-01
   4.7600000e+02   1.0824192e-01   8.0256304e-02   1.7135129e-01   1.2308580e-01
   4.7700000e+02   1.0816815e-01   8.0218098e-02   1.7141798e-01   1.2302907e-01
   4.7800000e+02   1.0811670e-01   8.0219033e-02   1.7154192e-01   1.2306334e-01
   4.7900000e+02   1.0813261e-01   8.0163057e-02   1.7159682e-01   1.2301503e-01
   4.8000000e+02   1.0811732e-01   8.0105843e-02   1.7179415e-01   1.2298777e-01
   4.8100000e+02   1.0805011e-01   8.0079854e-02   1.7185543e-01   1.2298656e-01
   4.8200000e+02   1.0798845e-01   8.0007441e-02   1.7191321e-01   1.2294542e-01
   4.8300000e+02   1.0795825e-01   7.9957913e-02   1.7198227e-01   1.2291707e-01
   4.8400000e+02   1.0792310e-01   7.9890945e-02   1.7206639e-01   1.2288626e-01
   4.8500000e+02   1.0786232e-01   7.9857439e-02   1.7220851e-01   1.2283136e-01
   4.8600000e+02   1.0783797e-01   7.9815333e-02   1.7225664e-01   1.2280282e-01
   4.8700000e+02   1.0782415e-01   7.9744224e-02   1.7236849e-01   1.2274662e-01
   4.8800000e+02   1.0784650e-01   7.9710154e-02   1.7237984e-01   1.2268570e-01
   4.8900000e+02   1.0778179e-01   7.9686865e-02   1.7246709e-01   1.2262036e-01
   4.9000000e+02   1.0772405e-01   7.9675383e-02   1.7249800e-01   1.2255359e-01
   4.9100000e+02   1.0773652e-01   7.9636758e-02   1.7258910e-01   1.2250000e-01
   4.9200000e+02   1.0774054e-01   7.9586941e-02   1.7269578e-01   1.2247615e-01
   4.9300000e+02   1.0774817e-01   7.9559447e-02   1.7276249e-01   1.2242912e-01
   4.9400000e+02   1.0780166e-01   7.9506676e-02   1.7291502e-01   1.2236545e-01
   4.9500000e+02   1.0778427e-01   7.9457283e-02   1.7297979e-01   1.2230149e-01
   4.9600000e+02   1.0782067e-01   7.9420504e-02   1.7304173e-01   1.2224553e-01
   4.9700000e+02   1.0780010e-01   7.9371568e-02   1.7309862e-01   1.2220982e-01
   4.9800000e+02   1.0780838e-01   7.9324124e-02   1.7315440e-01   1.2215332e-01
   4.9900000e+02   1.0779832e-01   7.9286222e-02   1.7324941e-01   1.2213539e-01
   5.0000000e+02   1.0779181e-01   7.9261240e-02   1.7336512e-01   1.2208867e-01
   5.0100000e+02   1.0780547e-01   7.9224630e-02   1.7343481e-01   1.2206642e-01
   5.0200000e+02   1.0781426e-01   7.9172445e-02   1.7350853e-01   1.2207473e-01
   5.0300000e+02   1.0780820e-01   7.9130782e-02   1.7364402e-01   1.2201033e-01
   5.0400000e+02   1.0781225e-01   7.9103025e-02   1.7370535e-01   1.2200034e-01
   5.0500000e+02   1.0779659e-01   7.9067650e-02   1.7383233e-01   1.2193630e-01
   5.0600000e+02   1.0781579e-01   7.9063966e-02   1.7389305e-01   1.2192162e-01
   5.0700000e+02   1.0781032e-01   7.9028875e-02   1.7390019e-01   1.2187590e-01
   5.0800000e+02   1.0785082e-01   7.8985747e-02   1.7401426e-01   1.2181303e-01
   5.0900000e+02   1.0784071e-01   7.8915676e-02   1.7408085e-01   1.2182594e-01
   5.1000000e+02   1.0780275e-01   7.8855979e-02   1.7416179e-01   1.2179194e-01
   5.1100000e+02   1.0782234e-01   7.8830328e-02   1.7420991e-01   1.2175522e-01
   5.1200000e+02   1.0782383e-01   7.8818735e-02   1.7426440e-01   1.2172690e-01
   5.1300000e+02   1.0778490e-01   7.8792335e-02   1.7438906e-01   1.2170066e-01
   5.1400000e+02   1.0779987e-01   7.8760653e-02   1.7444923e-01   1.2168980e-01
   5.1500000e+02   1.0781004e-01   7.8706347e-02   1.7458190e-01   1.2164673e-01
   5.1600000e+02   1.0779603e-01   7.8654085e-02   1.7465815e-01   1.2160917e-01
   5.1700000e+02   1.0775792e-01   7.8608279e-02   1.7471020e-01   1.2156605e-01
   5.1800000e+02   1.0774241e-01   7.8567027e-02   1.7476416e-01   1.2153914e-01
   5.1900000e+02   1.0771429e-01   7.8529608e-02   1.7489566e-01   1.2147252e-01
   5.2000000e+02   1.0769750e-01   7.8516326e-02   1.7508338e-01   1.2144632e-01
   5.2100000e+02   1.0765660e-01   7.8456613e-02   1.7520397e-01   1.2141264e-01
   5.2200000e+02   1.0765607e-01   7.8409187e-02   1.7533560e-01   1.2135682e-01
   5.2300000e+02   1.0763816e-01   7.8387559e-02   1.7542685e-01   1.2136449e-01
   5.2400000e+02   1.0761854e-01   7.8319939e-02   1.7548899e-01   1.2130164e-01
   5.2500000e+02   1.0765341e-01   7.8290285e-02   1.7566403e-01   1.2127620e-01
   5.2600000e+02   1.0764816e-01   7.8295824e-02   1.7584181e-01   1.2122788e-01
   5.2700000e+02   1.0767357e-01   7.8283288e-02   1.7600643e-01   1.2121434e-01
   5.2800000e+02   1.0767053e-01   7.8219235e-02   1.7614056e-01   1.2119764e-01
   5.2900000e+02   1.0771028e-01   7.8198387e-02   1.7625381e-01   1.2115091e-01
   5.3000000e+02   1.0770272e-01   7.8172925e-02   1.7641251e-01   1.2115779e-01
   5.3100000e+02   1.0769527e-01   7.8136485e-02   1.7658534e-01   1.2115504e-01
   5.3200000e+02   1.0773980e-01   7.8084421e-02   1.7670569e-01   1.2111987e-01
   5.3300000e+02   1.0775865e-01   7.8066445e-02   1.7682763e-01   1.2108837e-01
   5.3400000e+02   1.0779468e-01   7.8056557e-02   1.7686789e-01   1.2102631e-01
   5.3500000e+02   1.0788565e-01   7.8028772e-02   1.7698174e-01   1.2096419e-01
   5.3600000e+02   1.0787871e-01   7.7997333e-02   1.7705007e-01   1.2095141e-01
   5.3700000e+02   1.0799794e-01   7.7961361e-02   1.7716043e-01   1.2091602e-01
   5.3800000e+02   1.0798648e-01   7.7936944e-02   1.7719601e-01   1.2087267e-01
   5.3900000e+02   1.0802633e-01   7.7914940e-02   1.7731491e-01   1.2077296e-01
   5.4000000e+02   1.0801047e-01   7.7904975e-02   1.7752682e-01   1.2078954e-01
   5.4100000e+02   1.0798676e-01   7.7874827e-02   1.7754720e-01   1.2071464e-01
   5.4200000e+02   1.0802346e-01   7.7847641e-02   1.7771748e-01   1.2069659e-01
   5.4300000e+02   1.0805223e-01   7.7827053e-02   1.7780580e-01   1.2071221e-01
   5.4400000e+02   1.0804598e-01   7.7806805e-02   1.7784865e-01   1.2070181e-01
   5.4500000e+02   1.0801683e-01   7.7796053e-02   1.7798437e-01   1.2069719e-01
   5.4600000e+02   1.0805668e-01   7.7774919e-02   1.7808607e-01   1.2063943e-01
   5.4700000e+02   1.0810571e-01   7.7762468e-02   1.7818852e-01   1.2059912e-01
   5.4800000e+02   1.0815165e-01   7.7770665e-02   1.7836458e-01   1.2055245e-01
   5.4900000e+02   1.0811481e-01   7.7745811e-02   1.7849374e-01   1.2052589e-01
   5.5000000e+02   1.0816873e-01   7.7703114e-02   1.7864560e-01   1.2051193e-01
   5.5100000e+02   1.0821102e-01   7.7653432e-02   1.7876563e-01   1.2052647e-01
   5.5200000e+02   1.0818269e-01   7.7626796e-02   1.7889834e-01   1.2055272e-01
   5.5300000e+02   1.0823651e-01   7.7612573e-02   1.7903201e-01   1.2052012e-01
   5.5400000e+02   1.0824086e-01   7.7582078e-02   1.7916847e-01   1.2049873e-01
   5.5500000e+02   1.0822648e-01   7.7554260e-02   1.7933638e-01   1.2053298e-01
   5.5600000e+02   1.0824374e-01   7.7500674e-02   1.7956393e-01   1.2049591e-01
   5.5700000e+02   1.0825455e-01   7.7451681e-02   1.7973512e-01   1.2048819e-01
   5.5800000e+02   1.0826431e-01   7.7420446e-02   1.7987261e-01   1.2041642e-01
   5.5900000e+02   1.0830853e-01   7.7404275e-02   1.7997089e-01   1.2039777e-01
   5.6000000e+02   1.0832712e-01   7.7372442e-02   1.8015031e-01   1.2039458e-01
   5.6100000e+02   1.0835790e-01   7.7350741e-02   1.8039021e-01   1.2037278e-01
   5.6200000e+02   1.0839557e-01   7.7344965e-02   1.8045237e-01   1.2035935e-01
   5.6300000e+02   1.0839517e-01   7.7307167e-02   1.8065105e-01   1.2033613e-01
   5.6400000e+02   1.0839599e-01   7.7266621e-02   1.8080321e-01   1.2030717e-01
   5.6500000e+02   1.0841268e-01   7.7289778e-02   1.8099462e-01   1.2030860e-01
   5.6600000e+02   1.0839709e-01   7.7261681e-02   1.8114791e-01   1.2028369e-01
   5.6700000e+02   1.0841011e-01   7.7239511e-02   1.8132643e-01   1.2030056e-01
   5.6800000e+02   1.0842079e-01   7.7196368e-02   1.8140773e-01   1.2027360e-01
   5.6900000e+02   1.0845296e-01   7.7161550e-02   1.8151778e-01   1.2030319e-01
   5.7000000e+02   1.0850796e-01   7.7148799e-02   1.8165890e-01   1.2027551e-01
   5.7100000e+02   1.0853257e-01   7.7110701e-02   1.8173442e-01   1.2022422e-01
   5.7200000e+02   1.0851938e-01   7.7095737e-02   1.8181845e-01   1.2025180e-01
   5.7300000e+02   1.0851066e-01   7.7084260e-02   1.8202122e-01   1.2025159e-01
   5.7400000e+02   1.0855880e-01   7.7066733e-02   1.8216778e-01   1.2024530e-01
   5.7500000e+02   1.0853711e-01   7.7037008e-02   1.8237665e-01   1.2025979e-01
   5.7600000e+02   1.0855150e-01   7.6999915e-02   1.8257973e-01   1.2029846e-01
   5.7700000e+02   1.0862700e-01   7.6976870e-02   1.8273015e-01   1.2034192e-01
   5.7800000e+02   1.0865003e-01   7.6961940e-02   1.8286481e-01   1.2030854e-01
   5.7900000e+02   1.0863415e-01   7.6968977e-02   1.8293083e-01   1.2029234e-01
   5.8000000e+02   1.0864445e-01   7.6985932e-02   1.8306199e-01   1.2027916e-01
   5.8100000e+02   1.0863620e-01   7.6968349e-02   1.8322931e-01   1.2027133e-01
   5.8200000e+02   1.0864192e-01   7.6957739e-02   1.8339999e-01   1.2030086e-01
   5.8300000e+02   1.0867795e-01   7.6959317e-02   1.8364303e-01   1.2026404e-01
   5.8400000e+02   1.0873854e-01   7.6944795e-02   1.8377596e-01   1.2020557e-01
   5.8500000e+02   1.0872853e-01   7.6940683e-02   1.8392523e-01   1.2019313e-01
   5.8600000e+02   1.0874194e-01   7.6908531e-02   1.8410489e-01   1.2016545e-01
   5.8700000e+02   1.0882744e-01   7.6887523e-02   1.8433715e-01   1.2018006e-01
   5.8800000e+02   1.0885926e-01   7.6889415e-02   1.8444260e-01   1.2021333e-01
   5.8900000e+02   1.0888968e-01   7.6868595e-02   1.8457085e-01   1.2019967e-01
   5.9000000e+02   1.0892435e-01   7.6879984e-02   1.8470146e-01   1.2021315e-01
   5.9100000e+02   1.0897171e-01   7.6879825e-02   1.8489328e-01   1.2020131e-01
   5.9200000e+02   1.0901987e-01   7.6843049e-02   1.8513448e-01   1.2022400e-01
   5.9300000e+02   1.0904631e-01   7.6834766e-02   1.8528357e-01   1.2021093e-01
   5.9400000e+02   1.0906401e-01   7.6809487e-02   1.8552497e-01   1.2015409e-01
   5.9500000e+02   1.0910281e-01   7.6779145e-02   1.8569881e-01   1.2012952e-01
   5.9600000e+02   1.0915745e-01   7.6775985e-02   1.8588491e-01   1.2013626e-01
   5.9700000e+02   1.0920875e-01   7.6763067e-02   1.8606568e-01   1.2016027e-01
   5.9800000e+02   1.0926138e-01   7.6763798e-02   1.8619458e-01   1.2012151e-01
   5.9900000e+02   1.0926401e-01   7.6726482e-02   1.8635118e-01   1.2009388e-01
   6.0000000e+02   1.0929840e-01   7.6724673e-02   1.8655155e-01   1.2004377e-01
   6.0100000e+02   1.0933274e-01   7.6717128e-02   1.8666822e-01   1.2004462e-01
   6.0200000e+02   1.0934747e-01   7.6727687e-02   1.8685092e-01   1.2002426e-01
   6.0300000e+02   1.0938447e-01   7.6708824e-02   1.8699583e-01   1.2005870e-01
   6.0400000e+02   1.0941456e-01   7.6681728e-02   1.8715680e-01   1.2008180e-01
   6.0500000e+02   1.0945846e-01   7.6721939e-02   1.8730474e-01   1.2006399e-01
   6.0600000e+02   1.0949896e-01   7.6735706e-02   1.8739765e-01   1.2004157e-01
   6.0700000e+02   1.0952484e-01   7.6713154e-02   1.8746631e-01   1.2000907e-01
   6.0800000e+02   1.0960111e-01   7.6734144e-02   1.8755542e-01   1.2000586e-01
   6.0900000e+02   1.0963230e-01   7.6693112e-02   1.8770944e-01   1.1997805e-01
   6.1000000e+02   1.0965490e-01   7.6664369e-02   1.8785164e-01   1.1996708e-01
   6.1100000e+02   1.0968064e-01   7.6659074e-02   1.8798265e-01   1.1994863e-01
   6.1200000e+02   1.0967360e-01   7.6664374e-02   1.8815891e-01   1.1997948e-01
   6.1300000e+02   1.0970878e-01   7.6653105e-02   1.8831985e-01   1.1997426e-01
   6.1400000e+02   1.0972849e-01   7.6637380e-02   1.8852354e-01   1.1997647e-01
   6.1500000e+02   1.0974598e-01   7.6644813e-02   1.8865157e-01   1.1999822e-01
   6.1600000e+02   1.0977101e-01   7.6650928e-02   1.8877741e-01   1.2003378e-01
   6.1700000e+02   1.0983722e-01   7.6641322e-02   1.8884614e-01   1.2005238e-01
   6.1800000e+02   1.0989212e-01   7.6629907e-02   1.8904743e-01   1.2002339e-01
   6.1900000e+02   1.0991359e-01   7.6610018e-02   1.8918180e-01   1.2000672e-01
   6.2000000e+02   1.0993912e-01   7.6606174e-02   1.8937831e-01   1.2002599e-01
   6.2100000e+02   1.0996299e-01   7.6593135e-02   1.8943911e-01   1.2002437e-01
   6.2200000e+02   1.1005152e-01   7.6587562e-02   1.8964082e-01   1.2005285e-01
   6.2300000e+02   1.1008338e-01   7.6580416e-02   1.8980191e-01   1.2008121e-01
   6.2400000e+02   1.1010187e-01   7.6580728e-02   1.8990628e-01   1.2005800e-01
   6.2500000e+02   1.1014406e-01   7.6566788e-02   1.9003388e-01   1.2001673e-01
   6.2600000e+02   1.1021075e-01   7.6556602e-02   1.9016817e-01   1.2004322e-01
   6.2700000e+02   1.1029695e-01   7.6555433e-02   1.9031287e-01   1.2002547e-01
   6.2800000e+02   1.1035769e-01   7.6554686e-02   1.9048144e-01   1.1999486e-01
   6.2900000e+02   1.1042758e-01   7.6537567e-02   1.9065274e-01   1.1996041e-01
   6.3000000e+02   1.1049380e-01   7.6537834e-02   1.9081304e-01   1.1997060e-01
   6.3100000e+02   1.1051968e-01   7.6521528e-02   1.9096048e-01   1.1996573e-01
   6.3200000e+02   1.1060387e-01   7.6508938e-02   1.9105688e-01   1.1997175e-01
   6.3300000e+02   1.1064205e-01   7.6509178e-02   1.9114768e-01   1.1993938e-01
   6.3400000e+02   1.1071968e-01   7.6509934e-02   1.9132575e-01   1.1994463e-01
   6.3500000e+02   1.1076441e-01   7.6512492e-02   1.9148039e-01   1.1991487e-01
   6.3600000e+02   1.1079454e-01   7.6493928e-02   1.9156662e-01   1.1996162e-01
   6.3700000e+02   1.1087062e-01   7.6458165e-02   1.9166143e-01   1.1993610e-01
   6.3800000e+02   1.1093598e-01   7.6448489e-02   1.9181362e-01   1.1991251e-01
   6.3900000e+02   1.1101272e-01   7.6450985e-02   1.9197317e-01   1.1995449e-01
   6.4000000e+02   1.1104253e-01   7.6434413e-02   1.9216512e-01   1.1993516e-01
   6.4100000e+02   1.1107512e-01   7.6455388e-02   1.9229527e-01   1.1992815e-01
   6.4200000e+02   1.1110475e-01   7.6438485e-02   1.9243806e-01   1.1993620e-01
   6.4300000e+02   1.1113841e-01   7.6415948e-02   1.9258257e-01   1.1994182e-01
   6.4400000e+02   1.1119274e-01   7.6414471e-02   1.9272770e-01   1.1992142e-01
   6.4500000e+02   1.1123414e-01   7.6425902e-02   1.9290401e-01   1.1993155e-01
   6.4600000e+02   1.1128650e-01   7.6421956e-02   1.9297711e-01   1.1991411e-01
   6.4700000e+02   1.1131694e-01   7.6417333e-02   1.9309241e-01   1.1990007e-01
   6.4800000e+02   1.1135896e-01   7.6391373e-02   1.9326182e-01   1.1985859e-01
   6.4900000e+02   1.1138307e-01   7.6383801e-02   1.9337499e-01   1.1986362e-01
   6.5000000e+02   1.1144555e-01   7.6410267e-02   1.9358058e-01   1.1986422e-01
   6.5100000e+02   1.1148260e-01   7.6411508e-02   1.9370442e-01   1.1987928e-01
   6.5200000e+02   1.1155801e-01   7.6413289e-02   1.9382578e-01   1.1990204e-01
   6.5300000e+02   1.1157014e-01   7.6385019e-02   1.9396083e-01   1.1990047e-01
   6.5400000e+02   1.1169899e-01   7.6372656e-02   1.9405477e-01   1.1994816e-01
   6.5500000e+02   1.1175372e-01   7.6370458e-02   1.9426231e-01   1.1997041e-01
   6.5600000e+02   1.1185648e-01   7.6349844e-02   1.9444398e-01   1.1997053e-01
   6.5700000e+02   1.1198203e-01   7.6331566e-02   1.9460391e-01   1.1995607e-01
   6.5800000e+02   1.1197627e-01   7.6320166e-02   1.9482420e-01   1.1996167e-01
   6.5900000e+02   1.1202000e-01   7.6319289e-02   1.9489461e-01   1.1999633e-01
   6.6000000e+02   1.1206107e-01   7.6309872e-02   1.9507124e-01   1.2001389e-01
   6.6100000e+02   1.1214831e-01   7.6301559e-02   1.9517787e-01   1.2002279e-01
   6.6200000e+02   1.1225072e-01   7.6275648e-02   1.9535986e-01   1.2000268e-01
   6.6300000e+02   1.1230675e-01   7.6284284e-02   1.9552414e-01   1.1996644e-01
   6.6400000e+02   1.1237569e-01   7.6288665e-02   1.9563446e-01   1.1992614e-01
   6.6500000e+02   1.1244311e-01   7.6304620e-02   1.9581185e-01   1.1990025e-01
   6.6600000e+02   1.1251184e-01   7.6286354e-02   1.9590870e-01   1.1990137e-01
   6.6700000e+02   1.1258839e-01   7.6279292e-02   1.9607342e-01   1.1991104e-01
   6.6800000e+02   1.1261663e-01   7.6271180e-02   1.9629167e-01   1.1991286e-01
   6.6900000e+02   1.1272474e-01   7.6254110e-02   1.9641427e-01   1.1992044e-01
   6.7000000e+02   1.1280985e-01   7.6241086e-02   1.9660509e-01   1.1993785e-01
   6.7100000e+02   1.1289025e-01   7.6237849e-02   1.9671296e-01   1.1990019e-01
   6.7200000e+02   1.1294014e-01   7.6237018e-02   1.9684335e-01   1.1991139e-01
   6.7300000e+02   1.1301282e-01   7.6238415e-02   1.9698102e-01   1.1990219e-01
   6.7400000e+02   1.1308757e-01   7.6239968e-02   1.9709627e-01   1.1993116e-01
   6.7500000e+02   1.1316209e-01   7.6222437e-02   1.9728881e-01   1.1994848e-01
   6.7600000e+02   1.1324436e-01   7.6263896e-02   1.9742735e-01   1.1995324e-01
   6.7700000e+02   1.1327726e-01   7.6260508e-02   1.9757729e-01   1.1995877e-01
   6.7800000e+02   1.1336570e-01   7.6260723e-02   1.9776072e-01   1.2000508e-01
   6.7900000e+02   1.1340431e-01   7.6287571e-02   1.9794972e-01   1.2001936e-01
   6.8000000e+02   1.1345475e-01   7.6319271e-02   1.9804497e-01   1.1999889e-01
   6.8100000e+02   1.1355582e-01   7.6335998e-02   1.9823389e-01   1.2000562e-01
   6.8200000e+02   1.1362002e-01   7.6339153e-02   1.9838787e-01   1.2004588e-01
   6.8300000e+02   1.1366055e-01   7.6355553e-02   1.9855872e-01   1.2008125e-01
   6.8400000e+02   1.1374026e-01   7.6342473e-02   1.9867061e-01   1.2003938e-01
   6.8500000e+02   1.1379310e-01   7.6354495e-02   1.9879360e-01   1.2005899e-01
   6.8600000e+02   1.1385491e-01   7.6346117e-02   1.9889763e-01   1.2006767e-01
   6.8700000e+02   1.1392809e-01   7.6354333e-02   1.9905375e-01   1.2006714e-01
   6.8800000e+02   1.1398062e-01   7.6359752e-02   1.9917359e-01   1.2008944e-01
   6.8900000e+02   1.1406448e-01   7.6336741e-02   1.9940830e-01   1.2009344e-01
   6.9000000e+02   1.1411771e-01   7.6345598e-02   1.9954401e-01   1.2015499e-01
   6.9100000e+02   1.1415493e-01   7.6362983e-02   1.9968654e-01   1.2018371e-01
   6.9200000e+02   1.1429886e-01   7.6357877e-02   1.9981516e-01   1.2020464e-01
   6.9300000e+02   1.1437624e-01   7.6374129e-02   1.9996200e-01   1.2021970e-01
   6.9400000e+02   1.1442148e-01   7.6380984e-02   2.0009694e-01   1.2024985e-01
   6.9500000e+02   1.1448754e-01   7.6378748e-02   2.0026800e-01   1.2024681e-01
   6.9600000e+02   1.1459215e-01   7.6383692e-02   2.0039264e-01   1.2026476e-01
   6.9700000e+02   1.1465889e-01   7.6372522e-02   2.0054588e-01   1.2022035e-01
   6.9800000e+02   1.1471012e-01   7.6379348e-02   2.0072442e-01   1.2025874e-01
   6.9900000e+02   1.1477103e-01   7.6369109e-02   2.0082969e-01   1.2025150e-01
   7.0000000e+02   1.1484691e-01   7.6365663e-02   2.0096540e-01   1.2027271e-01
   7.0100000e+02   1.1489203e-01   7.6362246e-02   2.0106682e-01   1.2029528e-01
   7.0200000e+02   1.1499375e-01   7.6389763e-02   2.0122634e-01   1.2027570e-01
   7.0300000e+02   1.1506973e-01   7.6392487e-02   2.0139005e-01   1.2029463e-01
   7.0400000e+02   1.1509951e-01   7.6368378e-02   2.0153244e-01   1.2033224e-01
   7.0500000e+02   1.1518234e-01   7.6361748e-02   2.0167261e-01   1.2036253e-01
   7.0600000e+02   1.1526772e-01   7.6381284e-02   2.0189064e-01   1.2036042e-01
   7.0700000e+02   1.1533813e-01   7.6389113e-02   2.0211537e-01   1.2040185e-01
   7.0800000e+02   1.1540356e-01   7.6391560e-02   2.0223690e-01   1.2037468e-01
   7.0900000e+02   1.1546343e-01   7.6396141e-02   2.0240343e-01   1.2037231e-01
   7.1000000e+02   1.1552650e-01   7.6409088e-02   2.0257551e-01   1.2039449e-01
   7.1100000e+02   1.1562613e-01   7.6425477e-02   2.0280500e-01   1.2041177e-01
   7.1200000e+02   1.1567796e-01   7.6453601e-02   2.0304257e-01   1.2040506e-01
   7.1300000e+02   1.1575800e-01   7.6467967e-02   2.0322526e-01   1.2044686e-01
   7.1400000e+02   1.1581143e-01   7.6454399e-02   2.0338822e-01   1.2048307e-01
   7.1500000e+02   1.1592186e-01   7.6485957e-02   2.0355357e-01   1.2052809e-01
   7.1600000e+02   1.1603132e-01   7.6462514e-02   2.0361402e-01   1.2051408e-01
   7.1700000e+02   1.1609452e-01   7.6441470e-02   2.0383186e-01   1.2051610e-01
   7.1800000e+02   1.1619352e-01   7.6457474e-02   2.0398912e-01   1.2053823e-01
   7.1900000e+02   1.1625315e-01   7.6487976e-02   2.0414610e-01   1.2053244e-01
   7.2000000e+02   1.1630315e-01   7.6504265e-02   2.0430047e-01   1.2055343e-01
   7.2100000e+02   1.1639336e-01   7.6513931e-02   2.0437704e-01   1.2054065e-01
   7.2200000e+02   1.1644332e-01   7.6536920e-02   2.0448255e-01   1.2056116e-01
   7.2300000e+02   1.1654143e-01   7.6529990e-02   2.0462250e-01   1.2058860e-01
   7.2400000e+02   1.1660402e-01   7.6515239e-02   2.0485168e-01   1.2061305e-01
   7.2500000e+02   1.1667099e-01   7.6518477e-02   2.0502539e-01   1.2066227e-01
   7.2600000e+02   1.1680413e-01   7.6533636e-02   2.0516965e-01   1.2069060e-01
   7.2700000e+02   1.1682838e-01   7.6560294e-02   2.0526936e-01   1.2064574e-01
   7.2800000e+02   1.1693004e-01   7.6577105e-02   2.0541583e-01   1.2063213e-01
   7.2900000e+02   1.1697402e-01   7.6584375e-02   2.0554781e-01   1.2069165e-01
   7.3000000e+02   1.1708455e-01   7.6600869e-02   2.0571164e-01   1.2070891e-01
   7.3100000e+02   1.1716203e-01   7.6631137e-02   2.0584071e-01   1.2073168e-01
   7.3200000e+02   1.1722911e-01   7.6633127e-02   2.0594522e-01   1.2076035e-01
   7.3300000e+02   1.1729299e-01   7.6647498e-02   2.0616879e-01   1.2076557e-01
   7.3400000e+02   1.1736536e-01   7.6683553e-02   2.0628403e-01   1.2076762e-01
   7.3500000e+02   1.1741981e-01   7.6673121e-02   2.0641795e-01   1.2077684e-01
   7.3600000e+02   1.1747164e-01   7.6683907e-02   2.0656057e-01   1.2077718e-01
   7.3700000e+02   1.1753582e-01   7.6699209e-02   2.0669920e-01   1.2080221e-01
   7.3800000e+02   1.1763869e-01   7.6727578e-02   2.0686600e-01   1.2080619e-01
   7.3900000e+02   1.1775298e-01   7.6721024e-02   2.0704972e-01   1.2081483e-01
   7.4000000e+02   1.1781584e-01   7.6718019e-02   2.0718976e-01   1.2082299e-01
   7.4100000e+02   1.1785558e-01   7.6709282e-02   2.0729565e-01   1.2084706e-01
   7.4200000e+02   1.1791220e-01   7.6713061e-02   2.0745800e-01   1.2083056e-01
   7.4300000e+02   1.1795398e-01   7.6708714e-02   2.0751518e-01   1.2084791e-01
   7.4400000e+02   1.1803080e-01   7.6721434e-02   2.0763793e-01   1.2084551e-01
   7.4500000e+02   1.1811853e-01   7.6746444e-02   2.0777638e-01   1.2090905e-01
   7.4600000e+02   1.1820043e-01   7.6730296e-02   2.0786993e-01   1.2092288e-01
   7.4700000e+02   1.1828004e-01   7.6722790e-02   2.0798420e-01   1.2097404e-01
   7.4800000e+02   1.1838932e-01   7.6727667e-02   2.0811667e-01   1.2096696e-01
   7.4900000e+02   1.1844191e-01   7.6711757e-02   2.0821584e-01   1.2103255e-01
   7.5000000e+02   1.1854075e-01   7.6710470e-02   2.0834561e-01   1.2103867e-01
   7.5100000e+02   1.1864221e-01   7.6720981e-02   2.0851279e-01   1.2106947e-01
   7.5200000e+02   1.1870035e-01   7.6724754e-02   2.0866995e-01   1.2106849e-01
   7.5300000e+02   1.1880742e-01   7.6745719e-02   2.0879210e-01   1.2110676e-01
   7.5400000e+02   1.1887846e-01   7.6771293e-02   2.0892068e-01   1.2115077e-01
   7.5500000e+02   1.1892971e-01   7.6753054e-02   2.0909990e-01   1.2119378e-01
   7.5600000e+02   1.1898039e-01   7.6750558e-02   2.0927817e-01   1.2117942e-01
   7.5700000e+02   1.1906275e-01   7.6748923e-02   2.0932540e-01   1.2119488e-01
   7.5800000e+02   1.1912971e-01   7.6737334e-02   2.0952933e-01   1.2119860e-01
   7.5900000e+02   1.1923014e-01   7.6734254e-02   2.0970098e-01   1.2121828e-01
   7.6000000e+02   1.1931607e-01   7.6732156e-02   2.0988831e-01   1.2122323e-01
   7.6100000e+02   1.1937233e-01   7.6707709e-02   2.1007637e-01   1.2122355e-01
   7.6200000e+02   1.1942590e-01   7.6716877e-02   2.1019343e-01   1.2125726e-01
   7.6300000e+02   1.1951941e-01   7.6725586e-02   2.1033298e-01   1.2122188e-01
   7.6400000e+02   1.1959100e-01   7.6729504e-02   2.1048864e-01   1.2123728e-01
   7.6500000e+02   1.1964089e-01   7.6759124e-02   2.1065173e-01   1.2128916e-01
   7.6600000e+02   1.1974567e-01   7.6756800e-02   2.1078476e-01   1.2132226e-01
   7.6700000e+02   1.1982438e-01   7.6768646e-02   2.1085901e-01   1.2132284e-01
   7.6800000e+02   1.1990634e-01   7.6781092e-02   2.1094880e-01   1.2132046e-01
   7.6900000e+02   1.2002042e-01   7.6793733e-02   2.1109940e-01   1.2132259e-01
   7.7000000e+02   1.2011688e-01   7.6806781e-02   2.1126189e-01   1.2132900e-01
   7.7100000e+02   1.2016487e-01   7.6806723e-02   2.1138974e-01   1.2136350e-01
   7.7200000e+02   1.2022518e-01   7.6818435e-02   2.1161884e-01   1.2141884e-01
   7.7300000e+02   1.2027582e-01   7.6820806e-02   2.1182804e-01   1.2143941e-01
   7.7400000e+02   1.2029808e-01   7.6826331e-02   2.1199935e-01   1.2143611e-01
   7.7500000e+02   1.2037879e-01   7.6850392e-02   2.1214877e-01   1.2145549e-01
   7.7600000e+02   1.2042040e-01   7.6886166e-02   2.1230890e-01   1.2146141e-01
   7.7700000e+02   1.2049198e-01   7.6904295e-02   2.1243661e-01   1.2145924e-01
   7.7800000e+02   1.2055645e-01   7.6911289e-02   2.1251922e-01   1.2149263e-01
   7.7900000e+02   1.2063266e-01   7.6911434e-02   2.1271265e-01   1.2151837e-01
   7.8000000e+02   1.2073818e-01   7.6923204e-02   2.1282704e-01   1.2155002e-01
   7.8100000e+02   1.2080658e-01   7.6946269e-02   2.1298956e-01   1.2157681e-01
   7.8200000e+02   1.2089359e-01   7.6960598e-02   2.1315092e-01   1.2164020e-01
   7.8300000e+02   1.2096781e-01   7.6975029e-02   2.1329460e-01   1.2167353e-01
   7.8400000e+02   1.2104312e-01   7.6961739e-02   2.1341597e-01   1.2169047e-01
   7.8500000e+02   1.2116604e-01   7.6984052e-02   2.1353371e-01   1.2168246e-01
   7.8600000e+02   1.2125958e-01   7.7004988e-02   2.1366949e-01   1.2173329e-01
   7.8700000e+02   1.2130803e-01   7.7038435e-02   2.1380945e-01   1.2174944e-01
   7.8800000e+02   1.2147682e-01   7.7044524e-02   2.1391528e-01   1.2174872e-01
   7.8900000e+02   1.2154787e-01   7.7070028e-02   2.1406876e-01   1.2173515e-01
   7.9000000e+02   1.2164334e-01   7.7051137e-02   2.1416273e-01   1.2177653e-01
   7.9100000e+02   1.2173597e-01   7.7047627e-02   2.1429069e-01   1.2179203e-01
   7.9200000e+02   1.2186026e-01   7.7070027e-02   2.1444191e-01   1.2180930e-01
   7.9300000e+02   1.2188870e-01   7.7050725e-02   2.1454575e-01   1.2182126e-01
   7.9400000e+02   1.2199363e-01   7.7050152e-02   2.1467453e-01   1.2185292e-01
   7.9500000e+02   1.2203554e-01   7.7037803e-02   2.1485936e-01   1.2183847e-01
   7.9600000e+02   1.2212410e-01   7.7056887e-02   2.1504027e-01   1.2184598e-01
   7.9700000e+02   1.2220639e-01   7.7051739e-02   2.1510437e-01   1.2186740e-01
   7.9800000e+02   1.2232634e-01   7.7035072e-02   2.1520228e-01   1.2189944e-01
   7.9900000e+02   1.2241997e-01   7.7037198e-02   2.1537466e-01   1.2187703e-01
   8.0000000e+02   1.2248119e-01   7.7056423e-02   2.1544186e-01   1.2188574e-01
   8.0100000e+02   1.2258898e-01   7.7081417e-02   2.1558478e-01   1.2190058e-01
   8.0200000e+02   1.2269396e-01   7.7085242e-02   2.1576871e-01   1.2192421e-01
   8.0300000e+02   1.2276515e-01   7.7102650e-02   2.1588384e-01   1.2191137e-01
   8.0400000e+02   1.2283730e-01   7.7126270e-02   2.1598004e-01   1.2192802e-01
   8.0500000e+02   1.2285916e-01   7.7165475e-02   2.1616850e-01   1.2198270e-01
   8.0600000e+02   1.2288646e-01   7.7149332e-02   2.1629814e-01   1.2200572e-01
   8.0700000e+02   1.2298410e-01   7.7146270e-02   2.1642736e-01   1.2199461e-01
   8.0800000e+02   1.2304279e-01   7.7157226e-02   2.1655323e-01   1.2202128e-01
   8.0900000e+02   1.2312772e-01   7.7173940e-02   2.1671563e-01   1.2201923e-01
   8.1000000e+02   1.2320003e-01   7.7160553e-02   2.1684368e-01   1.2205455e-01
;