 param dt:=     1.0000000e+00   1.0000000e+01
   2.0000000e+00   5.0000000e+00
   3.0000000e+00   3.3333333e+00
   4.0000000e+00   2.5000000e+00
   5.0000000e+00   2.0000000e+00
   6.0000000e+00   1.6666667e+00
   7.0000000e+00   1.4285714e+00
   8.0000000e+00   1.2500000e+00
   9.0000000e+00   1.1111111e+00
   1.0000000e+01   1.0000000e+00
   1.1000000e+01   9.0909091e-01
   1.2000000e+01   8.3333333e-01
   1.3000000e+01   7.6923077e-01
   1.4000000e+01   7.1428571e-01
   1.5000000e+01   6.6666667e-01
   1.6000000e+01   6.2500000e-01
   1.7000000e+01   5.8823529e-01
   1.8000000e+01   5.5555556e-01
   1.9000000e+01   5.2631579e-01
   2.0000000e+01   5.0000000e-01
   2.1000000e+01   4.7619048e-01
   2.2000000e+01   4.5454545e-01
   2.3000000e+01   4.3478261e-01
   2.4000000e+01   4.1666667e-01
   2.5000000e+01   4.0000000e-01
   2.6000000e+01   3.8461538e-01
   2.7000000e+01   3.7037037e-01
   2.8000000e+01   3.5714286e-01
   2.9000000e+01   3.4482759e-01
   3.0000000e+01   3.3333333e-01
   3.1000000e+01   3.2258065e-01
   3.2000000e+01   3.1250000e-01
   3.3000000e+01   3.0303030e-01
   3.4000000e+01   2.9411765e-01
   3.5000000e+01   2.8571429e-01
   3.6000000e+01   2.7777778e-01
   3.7000000e+01   2.7027027e-01
   3.8000000e+01   2.6315789e-01
   3.9000000e+01   2.5641026e-01
   4.0000000e+01   2.5000000e-01
   4.1000000e+01   2.4390244e-01
   4.2000000e+01   2.3809524e-01
   4.3000000e+01   2.3255814e-01
   4.4000000e+01   2.2727273e-01
   4.5000000e+01   2.2222222e-01
   4.6000000e+01   2.1739130e-01
   4.7000000e+01   2.1276596e-01
   4.8000000e+01   2.0833333e-01
   4.9000000e+01   2.0408163e-01
   5.0000000e+01   2.0000000e-01
   5.1000000e+01   1.9607843e-01
   5.2000000e+01   1.9230769e-01
   5.3000000e+01   1.8867925e-01
   5.4000000e+01   1.8518519e-01
   5.5000000e+01   1.8181818e-01
   5.6000000e+01   1.7857143e-01
   5.7000000e+01   1.7543860e-01
   5.8000000e+01   1.7241379e-01
   5.9000000e+01   1.6949153e-01
   6.0000000e+01   1.6666667e-01
   6.1000000e+01   1.6393443e-01
   6.2000000e+01   1.6129032e-01
   6.3000000e+01   1.5873016e-01
   6.4000000e+01   1.5625000e-01
   6.5000000e+01   1.5384615e-01
   6.6000000e+01   1.5151515e-01
   6.7000000e+01   1.4925373e-01
   6.8000000e+01   1.4705882e-01
   6.9000000e+01   1.4492754e-01
   7.0000000e+01   1.4285714e-01
   7.1000000e+01   1.4084507e-01
   7.2000000e+01   1.3888889e-01
   7.3000000e+01   1.3698630e-01
   7.4000000e+01   1.3513514e-01
   7.5000000e+01   1.3333333e-01
   7.6000000e+01   1.3157895e-01
   7.7000000e+01   1.2987013e-01
   7.8000000e+01   1.2820513e-01
   7.9000000e+01   1.2658228e-01
   8.0000000e+01   1.2500000e-01
   8.1000000e+01   1.2345679e-01
   8.2000000e+01   1.2195122e-01
   8.3000000e+01   1.2048193e-01
   8.4000000e+01   1.1904762e-01
   8.5000000e+01   1.1764706e-01
   8.6000000e+01   1.1627907e-01
   8.7000000e+01   1.1494253e-01
   8.8000000e+01   1.1363636e-01
   8.9000000e+01   1.1235955e-01
   9.0000000e+01   1.1111111e-01
   9.1000000e+01   1.0989011e-01
   9.2000000e+01   1.0869565e-01
   9.3000000e+01   1.0752688e-01
   9.4000000e+01   1.0638298e-01
   9.5000000e+01   1.0526316e-01
   9.6000000e+01   1.0416667e-01
   9.7000000e+01   1.0309278e-01
   9.8000000e+01   1.0204082e-01
   9.9000000e+01   1.0101010e-01
   1.0000000e+02   1.0000000e-01
   1.0100000e+02   9.9009901e-02
   1.0200000e+02   9.8039216e-02
   1.0300000e+02   9.7087379e-02
   1.0400000e+02   9.6153846e-02
   1.0500000e+02   9.5238095e-02
   1.0600000e+02   9.4339623e-02
   1.0700000e+02   9.3457944e-02
   1.0800000e+02   9.2592593e-02
   1.0900000e+02   9.1743119e-02
   1.1000000e+02   9.0909091e-02
   1.1100000e+02   9.0090090e-02
   1.1200000e+02   8.9285714e-02
   1.1300000e+02   8.8495575e-02
   1.1400000e+02   8.7719298e-02
   1.1500000e+02   8.6956522e-02
   1.1600000e+02   8.6206897e-02
   1.1700000e+02   8.5470085e-02
   1.1800000e+02   8.4745763e-02
   1.1900000e+02   8.4033613e-02
   1.2000000e+02   8.3333333e-02
   1.2100000e+02   8.2644628e-02
   1.2200000e+02   8.1967213e-02
   1.2300000e+02   8.1300813e-02
   1.2400000e+02   8.0645161e-02
   1.2500000e+02   8.0000000e-02
   1.2600000e+02   7.9365079e-02
   1.2700000e+02   7.8740157e-02
   1.2800000e+02   7.8125000e-02
   1.2900000e+02   7.7519380e-02
   1.3000000e+02   7.6923077e-02
   1.3100000e+02   7.6335878e-02
   1.3200000e+02   7.5757576e-02
   1.3300000e+02   7.5187970e-02
   1.3400000e+02   7.4626866e-02
   1.3500000e+02   7.4074074e-02
   1.3600000e+02   7.3529412e-02
   1.3700000e+02   7.2992701e-02
   1.3800000e+02   7.2463768e-02
   1.3900000e+02   7.1942446e-02
   1.4000000e+02   7.1428571e-02
   1.4100000e+02   7.0921986e-02
   1.4200000e+02   7.0422535e-02
   1.4300000e+02   6.9930070e-02
   1.4400000e+02   6.9444444e-02
   1.4500000e+02   6.8965517e-02
   1.4600000e+02   6.8493151e-02
   1.4700000e+02   6.8027211e-02
   1.4800000e+02   6.7567568e-02
   1.4900000e+02   6.7114094e-02
   1.5000000e+02   6.6666667e-02
   1.5100000e+02   6.6225166e-02
   1.5200000e+02   6.5789474e-02
   1.5300000e+02   6.5359477e-02
   1.5400000e+02   6.4935065e-02
   1.5500000e+02   6.4516129e-02
   1.5600000e+02   6.4102564e-02
   1.5700000e+02   6.3694268e-02
   1.5800000e+02   6.3291139e-02
   1.5900000e+02   6.2893082e-02
   1.6000000e+02   6.2500000e-02
   1.6100000e+02   6.2111801e-02
   1.6200000e+02   6.1728395e-02
   1.6300000e+02   6.1349693e-02
   1.6400000e+02   6.0975610e-02
   1.6500000e+02   6.0606061e-02
   1.6600000e+02   6.0240964e-02
   1.6700000e+02   5.9880240e-02
   1.6800000e+02   5.9523810e-02
   1.6900000e+02   5.9171598e-02
   1.7000000e+02   5.8823529e-02
   1.7100000e+02   5.8479532e-02
   1.7200000e+02   5.8139535e-02
   1.7300000e+02   5.7803468e-02
   1.7400000e+02   5.7471264e-02
   1.7500000e+02   5.7142857e-02
   1.7600000e+02   5.6818182e-02
   1.7700000e+02   5.6497175e-02
   1.7800000e+02   5.6179775e-02
   1.7900000e+02   5.5865922e-02
   1.8000000e+02   5.5555556e-02
   1.8100000e+02   5.5248619e-02
   1.8200000e+02   5.4945055e-02
   1.8300000e+02   5.4644809e-02
   1.8400000e+02   5.4347826e-02
   1.8500000e+02   5.4054054e-02
   1.8600000e+02   5.3763441e-02
   1.8700000e+02   5.3475936e-02
   1.8800000e+02   5.3191489e-02
   1.8900000e+02   5.2910053e-02
   1.9000000e+02   5.2631579e-02
   1.9100000e+02   5.2356021e-02
   1.9200000e+02   5.2083333e-02
   1.9300000e+02   5.1813472e-02
   1.9400000e+02   5.1546392e-02
   1.9500000e+02   5.1282051e-02
   1.9600000e+02   5.1020408e-02
   1.9700000e+02   5.0761421e-02
   1.9800000e+02   5.0505051e-02
   1.9900000e+02   5.0251256e-02
   2.0000000e+02   5.0000000e-02
   2.0100000e+02   4.9751244e-02
   2.0200000e+02   4.9504950e-02
   2.0300000e+02   4.9261084e-02
   2.0400000e+02   4.9019608e-02
   2.0500000e+02   4.8780488e-02
   2.0600000e+02   4.8543689e-02
   2.0700000e+02   4.8309179e-02
   2.0800000e+02   4.8076923e-02
   2.0900000e+02   4.7846890e-02
   2.1000000e+02   4.7619048e-02
   2.1100000e+02   4.7393365e-02
   2.1200000e+02   4.7169811e-02
   2.1300000e+02   4.6948357e-02
   2.1400000e+02   4.6728972e-02
   2.1500000e+02   4.6511628e-02
   2.1600000e+02   4.6296296e-02
   2.1700000e+02   4.6082949e-02
   2.1800000e+02   4.5871560e-02
   2.1900000e+02   4.5662100e-02
   2.2000000e+02   4.5454545e-02
   2.2100000e+02   4.5248869e-02
   2.2200000e+02   4.5045045e-02
   2.2300000e+02   4.4843049e-02
   2.2400000e+02   4.4642857e-02
   2.2500000e+02   4.4444444e-02
   2.2600000e+02   4.4247788e-02
   2.2700000e+02   4.4052863e-02
   2.2800000e+02   4.3859649e-02
   2.2900000e+02   4.3668122e-02
   2.3000000e+02   4.3478261e-02
   2.3100000e+02   4.3290043e-02
   2.3200000e+02   4.3103448e-02
   2.3300000e+02   4.2918455e-02
   2.3400000e+02   4.2735043e-02
   2.3500000e+02   4.2553191e-02
   2.3600000e+02   4.2372881e-02
   2.3700000e+02   4.2194093e-02
   2.3800000e+02   4.2016807e-02
   2.3900000e+02   4.1841004e-02
   2.4000000e+02   4.1666667e-02
   2.4100000e+02   4.1493776e-02
   2.4200000e+02   4.1322314e-02
   2.4300000e+02   4.1152263e-02
   2.4400000e+02   4.0983607e-02
   2.4500000e+02   4.0816327e-02
   2.4600000e+02   4.0650407e-02
   2.4700000e+02   4.0485830e-02
   2.4800000e+02   4.0322581e-02
   2.4900000e+02   4.0160643e-02
   2.5000000e+02   4.0000000e-02
   2.5100000e+02   3.9840637e-02
   2.5200000e+02   3.9682540e-02
   2.5300000e+02   3.9525692e-02
   2.5400000e+02   3.9370079e-02
   2.5500000e+02   3.9215686e-02
   2.5600000e+02   3.9062500e-02
   2.5700000e+02   3.8910506e-02
   2.5800000e+02   3.8759690e-02
   2.5900000e+02   3.8610039e-02
   2.6000000e+02   3.8461538e-02
   2.6100000e+02   3.8314176e-02
   2.6200000e+02   3.8167939e-02
   2.6300000e+02   3.8022814e-02
   2.6400000e+02   3.7878788e-02
   2.6500000e+02   3.7735849e-02
   2.6600000e+02   3.7593985e-02
   2.6700000e+02   3.7453184e-02
   2.6800000e+02   3.7313433e-02
   2.6900000e+02   3.7174721e-02
   2.7000000e+02   3.7037037e-02
   2.7100000e+02   3.6900369e-02
   2.7200000e+02   3.6764706e-02
   2.7300000e+02   3.6630037e-02
   2.7400000e+02   3.6496350e-02
   2.7500000e+02   3.6363636e-02
   2.7600000e+02   3.6231884e-02
   2.7700000e+02   3.6101083e-02
   2.7800000e+02   3.5971223e-02
   2.7900000e+02   3.5842294e-02
   2.8000000e+02   3.5714286e-02
   2.8100000e+02   3.5587189e-02
   2.8200000e+02   3.5460993e-02
   2.8300000e+02   3.5335689e-02
   2.8400000e+02   3.5211268e-02
   2.8500000e+02   3.5087719e-02
   2.8600000e+02   3.4965035e-02
   2.8700000e+02   3.4843206e-02
   2.8800000e+02   3.4722222e-02
   2.8900000e+02   3.4602076e-02
   2.9000000e+02   3.4482759e-02
   2.9100000e+02   3.4364261e-02
   2.9200000e+02   3.4246575e-02
   2.9300000e+02   3.4129693e-02
   2.9400000e+02   3.4013605e-02
   2.9500000e+02   3.3898305e-02
   2.9600000e+02   3.3783784e-02
   2.9700000e+02   3.3670034e-02
   2.9800000e+02   3.3557047e-02
   2.9900000e+02   3.3444816e-02
   3.0000000e+02   3.3333333e-02
   3.0100000e+02   3.3222591e-02
   3.0200000e+02   3.3112583e-02
   3.0300000e+02   3.3003300e-02
   3.0400000e+02   3.2894737e-02
   3.0500000e+02   3.2786885e-02
   3.0600000e+02   3.2679739e-02
   3.0700000e+02   3.2573290e-02
   3.0800000e+02   3.2467532e-02
   3.0900000e+02   3.2362460e-02
   3.1000000e+02   3.2258065e-02
   3.1100000e+02   3.2154341e-02
   3.1200000e+02   3.2051282e-02
   3.1300000e+02   3.1948882e-02
   3.1400000e+02   3.1847134e-02
   3.1500000e+02   3.1746032e-02
   3.1600000e+02   3.1645570e-02
   3.1700000e+02   3.1545741e-02
   3.1800000e+02   3.1446541e-02
   3.1900000e+02   3.1347962e-02
   3.2000000e+02   3.1250000e-02
   3.2100000e+02   3.1152648e-02
   3.2200000e+02   3.1055901e-02
   3.2300000e+02   3.0959752e-02
   3.2400000e+02   3.0864198e-02
   3.2500000e+02   3.0769231e-02
   3.2600000e+02   3.0674847e-02
   3.2700000e+02   3.0581040e-02
   3.2800000e+02   3.0487805e-02
   3.2900000e+02   3.0395137e-02
   3.3000000e+02   3.0303030e-02
   3.3100000e+02   3.0211480e-02
   3.3200000e+02   3.0120482e-02
   3.3300000e+02   3.0030030e-02
   3.3400000e+02   2.9940120e-02
   3.3500000e+02   2.9850746e-02
   3.3600000e+02   2.9761905e-02
   3.3700000e+02   2.9673591e-02
   3.3800000e+02   2.9585799e-02
   3.3900000e+02   2.9498525e-02
   3.4000000e+02   2.9411765e-02
   3.4100000e+02   2.9325513e-02
   3.4200000e+02   2.9239766e-02
   3.4300000e+02   2.9154519e-02
   3.4400000e+02   2.9069767e-02
   3.4500000e+02   2.8985507e-02
   3.4600000e+02   2.8901734e-02
   3.4700000e+02   2.8818444e-02
   3.4800000e+02   2.8735632e-02
   3.4900000e+02   2.8653295e-02
   3.5000000e+02   2.8571429e-02
   3.5100000e+02   2.8490028e-02
   3.5200000e+02   2.8409091e-02
   3.5300000e+02   2.8328612e-02
   3.5400000e+02   2.8248588e-02
   3.5500000e+02   2.8169014e-02
   3.5600000e+02   2.8089888e-02
   3.5700000e+02   2.8011204e-02
   3.5800000e+02   2.7932961e-02
   3.5900000e+02   2.7855153e-02
   3.6000000e+02   2.7777778e-02
   3.6100000e+02   2.7700831e-02
   3.6200000e+02   2.7624309e-02
   3.6300000e+02   2.7548209e-02
   3.6400000e+02   2.7472527e-02
   3.6500000e+02   2.7397260e-02
   3.6600000e+02   2.7322404e-02
   3.6700000e+02   2.7247956e-02
   3.6800000e+02   2.7173913e-02
   3.6900000e+02   2.7100271e-02
   3.7000000e+02   2.7027027e-02
   3.7100000e+02   2.6954178e-02
   3.7200000e+02   2.6881720e-02
   3.7300000e+02   2.6809651e-02
   3.7400000e+02   2.6737968e-02
   3.7500000e+02   2.6666667e-02
   3.7600000e+02   2.6595745e-02
   3.7700000e+02   2.6525199e-02
   3.7800000e+02   2.6455026e-02
   3.7900000e+02   2.6385224e-02
   3.8000000e+02   2.6315789e-02
   3.8100000e+02   2.6246719e-02
   3.8200000e+02   2.6178010e-02
   3.8300000e+02   2.6109661e-02
   3.8400000e+02   2.6041667e-02
   3.8500000e+02   2.5974026e-02
   3.8600000e+02   2.5906736e-02
   3.8700000e+02   2.5839793e-02
   3.8800000e+02   2.5773196e-02
   3.8900000e+02   2.5706941e-02
   3.9000000e+02   2.5641026e-02
   3.9100000e+02   2.5575448e-02
   3.9200000e+02   2.5510204e-02
   3.9300000e+02   2.5445293e-02
   3.9400000e+02   2.5380711e-02
   3.9500000e+02   2.5316456e-02
   3.9600000e+02   2.5252525e-02
   3.9700000e+02   2.5188917e-02
   3.9800000e+02   2.5125628e-02
   3.9900000e+02   2.5062657e-02
   4.0000000e+02   2.5000000e-02
   4.0100000e+02   2.4937656e-02
   4.0200000e+02   2.4875622e-02
   4.0300000e+02   2.4813896e-02
   4.0400000e+02   2.4752475e-02
   4.0500000e+02   2.4691358e-02
   4.0600000e+02   2.4630542e-02
   4.0700000e+02   2.4570025e-02
   4.0800000e+02   2.4509804e-02
   4.0900000e+02   2.4449878e-02
   4.1000000e+02   2.4390244e-02
   4.1100000e+02   2.4330900e-02
   4.1200000e+02   2.4271845e-02
   4.1300000e+02   2.4213075e-02
   4.1400000e+02   2.4154589e-02
   4.1500000e+02   2.4096386e-02
   4.1600000e+02   2.4038462e-02
   4.1700000e+02   2.3980815e-02
   4.1800000e+02   2.3923445e-02
   4.1900000e+02   2.3866348e-02
   4.2000000e+02   2.3809524e-02
   4.2100000e+02   2.3752969e-02
   4.2200000e+02   2.3696682e-02
   4.2300000e+02   2.3640662e-02
   4.2400000e+02   2.3584906e-02
   4.2500000e+02   2.3529412e-02
   4.2600000e+02   2.3474178e-02
   4.2700000e+02   2.3419204e-02
   4.2800000e+02   2.3364486e-02
   4.2900000e+02   2.3310023e-02
   4.3000000e+02   2.3255814e-02
   4.3100000e+02   2.3201856e-02
   4.3200000e+02   2.3148148e-02
   4.3300000e+02   2.3094688e-02
   4.3400000e+02   2.3041475e-02
   4.3500000e+02   2.2988506e-02
   4.3600000e+02   2.2935780e-02
   4.3700000e+02   2.2883295e-02
   4.3800000e+02   2.2831050e-02
   4.3900000e+02   2.2779043e-02
   4.4000000e+02   2.2727273e-02
   4.4100000e+02   2.2675737e-02
   4.4200000e+02   2.2624434e-02
   4.4300000e+02   2.2573363e-02
   4.4400000e+02   2.2522523e-02
   4.4500000e+02   2.2471910e-02
   4.4600000e+02   2.2421525e-02
   4.4700000e+02   2.2371365e-02
   4.4800000e+02   2.2321429e-02
   4.4900000e+02   2.2271715e-02
   4.5000000e+02   2.2222222e-02
   4.5100000e+02   2.2172949e-02
   4.5200000e+02   2.2123894e-02
   4.5300000e+02   2.2075055e-02
   4.5400000e+02   2.2026432e-02
   4.5500000e+02   2.1978022e-02
   4.5600000e+02   2.1929825e-02
   4.5700000e+02   2.1881838e-02
   4.5800000e+02   2.1834061e-02
   4.5900000e+02   2.1786492e-02
   4.6000000e+02   2.1739130e-02
   4.6100000e+02   2.1691974e-02
   4.6200000e+02   2.1645022e-02
   4.6300000e+02   2.1598272e-02
   4.6400000e+02   2.1551724e-02
   4.6500000e+02   2.1505376e-02
   4.6600000e+02   2.1459227e-02
   4.6700000e+02   2.1413276e-02
   4.6800000e+02   2.1367521e-02
   4.6900000e+02   2.1321962e-02
   4.7000000e+02   2.1276596e-02
   4.7100000e+02   2.1231423e-02
   4.7200000e+02   2.1186441e-02
   4.7300000e+02   2.1141649e-02
   4.7400000e+02   2.1097046e-02
   4.7500000e+02   2.1052632e-02
   4.7600000e+02   2.1008403e-02
   4.7700000e+02   2.0964361e-02
   4.7800000e+02   2.0920502e-02
   4.7900000e+02   2.0876827e-02
   4.8000000e+02   2.0833333e-02
   4.8100000e+02   2.0790021e-02
   4.8200000e+02   2.0746888e-02
   4.8300000e+02   2.0703934e-02
   4.8400000e+02   2.0661157e-02
   4.8500000e+02   2.0618557e-02
   4.8600000e+02   2.0576132e-02
   4.8700000e+02   2.0533881e-02
   4.8800000e+02   2.0491803e-02
   4.8900000e+02   2.0449898e-02
   4.9000000e+02   2.0408163e-02
   4.9100000e+02   2.0366599e-02
   4.9200000e+02   2.0325203e-02
   4.9300000e+02   2.0283976e-02
   4.9400000e+02   2.0242915e-02
   4.9500000e+02   2.0202020e-02
   4.9600000e+02   2.0161290e-02
   4.9700000e+02   2.0120724e-02
   4.9800000e+02   2.0080321e-02
   4.9900000e+02   2.0040080e-02
   5.0000000e+02   2.0000000e-02
   5.0100000e+02   1.9960080e-02
   5.0200000e+02   1.9920319e-02
   5.0300000e+02   1.9880716e-02
   5.0400000e+02   1.9841270e-02
   5.0500000e+02   1.9801980e-02
   5.0600000e+02   1.9762846e-02
   5.0700000e+02   1.9723866e-02
   5.0800000e+02   1.9685039e-02
   5.0900000e+02   1.9646365e-02
   5.1000000e+02   1.9607843e-02
   5.1100000e+02   1.9569472e-02
   5.1200000e+02   1.9531250e-02
   5.1300000e+02   1.9493177e-02
   5.1400000e+02   1.9455253e-02
   5.1500000e+02   1.9417476e-02
   5.1600000e+02   1.9379845e-02
   5.1700000e+02   1.9342360e-02
   5.1800000e+02   1.9305019e-02
   5.1900000e+02   1.9267823e-02
   5.2000000e+02   1.9230769e-02
   5.2100000e+02   1.9193858e-02
   5.2200000e+02   1.9157088e-02
   5.2300000e+02   1.9120459e-02
   5.2400000e+02   1.9083969e-02
   5.2500000e+02   1.9047619e-02
   5.2600000e+02   1.9011407e-02
   5.2700000e+02   1.8975332e-02
   5.2800000e+02   1.8939394e-02
   5.2900000e+02   1.8903592e-02
   5.3000000e+02   1.8867925e-02
   5.3100000e+02   1.8832392e-02
   5.3200000e+02   1.8796992e-02
   5.3300000e+02   1.8761726e-02
   5.3400000e+02   1.8726592e-02
   5.3500000e+02   1.8691589e-02
   5.3600000e+02   1.8656716e-02
   5.3700000e+02   1.8621974e-02
   5.3800000e+02   1.8587361e-02
   5.3900000e+02   1.8552876e-02
   5.4000000e+02   1.8518519e-02
   5.4100000e+02   1.8484288e-02
   5.4200000e+02   1.8450185e-02
   5.4300000e+02   1.8416206e-02
   5.4400000e+02   1.8382353e-02
   5.4500000e+02   1.8348624e-02
   5.4600000e+02   1.8315018e-02
   5.4700000e+02   1.8281536e-02
   5.4800000e+02   1.8248175e-02
   5.4900000e+02   1.8214936e-02
   5.5000000e+02   1.8181818e-02
   5.5100000e+02   1.8148820e-02
   5.5200000e+02   1.8115942e-02
   5.5300000e+02   1.8083183e-02
   5.5400000e+02   1.8050542e-02
   5.5500000e+02   1.8018018e-02
   5.5600000e+02   1.7985612e-02
   5.5700000e+02   1.7953321e-02
   5.5800000e+02   1.7921147e-02
   5.5900000e+02   1.7889088e-02
   5.6000000e+02   1.7857143e-02
   5.6100000e+02   1.7825312e-02
   5.6200000e+02   1.7793594e-02
   5.6300000e+02   1.7761989e-02
   5.6400000e+02   1.7730496e-02
   5.6500000e+02   1.7699115e-02
   5.6600000e+02   1.7667845e-02
   5.6700000e+02   1.7636684e-02
   5.6800000e+02   1.7605634e-02
   5.6900000e+02   1.7574692e-02
   5.7000000e+02   1.7543860e-02
   5.7100000e+02   1.7513135e-02
   5.7200000e+02   1.7482517e-02
   5.7300000e+02   1.7452007e-02
   5.7400000e+02   1.7421603e-02
   5.7500000e+02   1.7391304e-02
   5.7600000e+02   1.7361111e-02
   5.7700000e+02   1.7331023e-02
   5.7800000e+02   1.7301038e-02
   5.7900000e+02   1.7271157e-02
   5.8000000e+02   1.7241379e-02
   5.8100000e+02   1.7211704e-02
   5.8200000e+02   1.7182131e-02
   5.8300000e+02   1.7152659e-02
   5.8400000e+02   1.7123288e-02
   5.8500000e+02   1.7094017e-02
   5.8600000e+02   1.7064846e-02
   5.8700000e+02   1.7035775e-02
   5.8800000e+02   1.7006803e-02
   5.8900000e+02   1.6977929e-02
   5.9000000e+02   1.6949153e-02
   5.9100000e+02   1.6920474e-02
   5.9200000e+02   1.6891892e-02
   5.9300000e+02   1.6863406e-02
   5.9400000e+02   1.6835017e-02
   5.9500000e+02   1.6806723e-02
   5.9600000e+02   1.6778523e-02
   5.9700000e+02   1.6750419e-02
   5.9800000e+02   1.6722408e-02
   5.9900000e+02   1.6694491e-02
   6.0000000e+02   1.6666667e-02
   6.0100000e+02   1.6638935e-02
   6.0200000e+02   1.6611296e-02
   6.0300000e+02   1.6583748e-02
   6.0400000e+02   1.6556291e-02
   6.0500000e+02   1.6528926e-02
   6.0600000e+02   1.6501650e-02
   6.0700000e+02   1.6474465e-02
   6.0800000e+02   1.6447368e-02
   6.0900000e+02   1.6420361e-02
   6.1000000e+02   1.6393443e-02
   6.1100000e+02   1.6366612e-02
   6.1200000e+02   1.6339869e-02
   6.1300000e+02   1.6313214e-02
   6.1400000e+02   1.6286645e-02
   6.1500000e+02   1.6260163e-02
   6.1600000e+02   1.6233766e-02
   6.1700000e+02   1.6207455e-02
   6.1800000e+02   1.6181230e-02
   6.1900000e+02   1.6155089e-02
   6.2000000e+02   1.6129032e-02
   6.2100000e+02   1.6103060e-02
   6.2200000e+02   1.6077170e-02
   6.2300000e+02   1.6051364e-02
   6.2400000e+02   1.6025641e-02
   6.2500000e+02   1.6000000e-02
   6.2600000e+02   1.5974441e-02
   6.2700000e+02   1.5948963e-02
   6.2800000e+02   1.5923567e-02
   6.2900000e+02   1.5898251e-02
   6.3000000e+02   1.5873016e-02
   6.3100000e+02   1.5847861e-02
   6.3200000e+02   1.5822785e-02
   6.3300000e+02   1.5797788e-02
   6.3400000e+02   1.5772871e-02
   6.3500000e+02   1.5748031e-02
   6.3600000e+02   1.5723270e-02
   6.3700000e+02   1.5698587e-02
   6.3800000e+02   1.5673981e-02
   6.3900000e+02   1.5649452e-02
   6.4000000e+02   1.5625000e-02
   6.4100000e+02   1.5600624e-02
   6.4200000e+02   1.5576324e-02
   6.4300000e+02   1.5552100e-02
   6.4400000e+02   1.5527950e-02
   6.4500000e+02   1.5503876e-02
   6.4600000e+02   1.5479876e-02
   6.4700000e+02   1.5455951e-02
   6.4800000e+02   1.5432099e-02
   6.4900000e+02   1.5408320e-02
   6.5000000e+02   1.5384615e-02
   6.5100000e+02   1.5360983e-02
   6.5200000e+02   1.5337423e-02
   6.5300000e+02   1.5313936e-02
   6.5400000e+02   1.5290520e-02
   6.5500000e+02   1.5267176e-02
   6.5600000e+02   1.5243902e-02
   6.5700000e+02   1.5220700e-02
   6.5800000e+02   1.5197568e-02
   6.5900000e+02   1.5174507e-02
   6.6000000e+02   1.5151515e-02
   6.6100000e+02   1.5128593e-02
   6.6200000e+02   1.5105740e-02
   6.6300000e+02   1.5082956e-02
   6.6400000e+02   1.5060241e-02
   6.6500000e+02   1.5037594e-02
   6.6600000e+02   1.5015015e-02
   6.6700000e+02   1.4992504e-02
   6.6800000e+02   1.4970060e-02
   6.6900000e+02   1.4947683e-02
   6.7000000e+02   1.4925373e-02
   6.7100000e+02   1.4903130e-02
   6.7200000e+02   1.4880952e-02
   6.7300000e+02   1.4858841e-02
   6.7400000e+02   1.4836795e-02
   6.7500000e+02   1.4814815e-02
   6.7600000e+02   1.4792899e-02
   6.7700000e+02   1.4771049e-02
   6.7800000e+02   1.4749263e-02
   6.7900000e+02   1.4727541e-02
   6.8000000e+02   1.4705882e-02
   6.8100000e+02   1.4684288e-02
   6.8200000e+02   1.4662757e-02
   6.8300000e+02   1.4641288e-02
   6.8400000e+02   1.4619883e-02
   6.8500000e+02   1.4598540e-02
   6.8600000e+02   1.4577259e-02
   6.8700000e+02   1.4556041e-02
   6.8800000e+02   1.4534884e-02
   6.8900000e+02   1.4513788e-02
   6.9000000e+02   1.4492754e-02
   6.9100000e+02   1.4471780e-02
   6.9200000e+02   1.4450867e-02
   6.9300000e+02   1.4430014e-02
   6.9400000e+02   1.4409222e-02
   6.9500000e+02   1.4388489e-02
   6.9600000e+02   1.4367816e-02
   6.9700000e+02   1.4347202e-02
   6.9800000e+02   1.4326648e-02
   6.9900000e+02   1.4306152e-02
   7.0000000e+02   1.4285714e-02
   7.0100000e+02   1.4265335e-02
   7.0200000e+02   1.4245014e-02
   7.0300000e+02   1.4224751e-02
   7.0400000e+02   1.4204545e-02
   7.0500000e+02   1.4184397e-02
   7.0600000e+02   1.4164306e-02
   7.0700000e+02   1.4144272e-02
   7.0800000e+02   1.4124294e-02
   7.0900000e+02   1.4104372e-02
   7.1000000e+02   1.4084507e-02
   7.1100000e+02   1.4064698e-02
   7.1200000e+02   1.4044944e-02
   7.1300000e+02   1.4025245e-02
   7.1400000e+02   1.4005602e-02
   7.1500000e+02   1.3986014e-02
   7.1600000e+02   1.3966480e-02
   7.1700000e+02   1.3947001e-02
   7.1800000e+02   1.3927577e-02
   7.1900000e+02   1.3908206e-02
   7.2000000e+02   1.3888889e-02
   7.2100000e+02   1.3869626e-02
   7.2200000e+02   1.3850416e-02
   7.2300000e+02   1.3831259e-02
   7.2400000e+02   1.3812155e-02
   7.2500000e+02   1.3793103e-02
   7.2600000e+02   1.3774105e-02
   7.2700000e+02   1.3755158e-02
   7.2800000e+02   1.3736264e-02
   7.2900000e+02   1.3717421e-02
   7.3000000e+02   1.3698630e-02
   7.3100000e+02   1.3679891e-02
   7.3200000e+02   1.3661202e-02
   7.3300000e+02   1.3642565e-02
   7.3400000e+02   1.3623978e-02
   7.3500000e+02   1.3605442e-02
   7.3600000e+02   1.3586957e-02
   7.3700000e+02   1.3568521e-02
   7.3800000e+02   1.3550136e-02
   7.3900000e+02   1.3531800e-02
   7.4000000e+02   1.3513514e-02
   7.4100000e+02   1.3495277e-02
   7.4200000e+02   1.3477089e-02
   7.4300000e+02   1.3458950e-02
   7.4400000e+02   1.3440860e-02
   7.4500000e+02   1.3422819e-02
   7.4600000e+02   1.3404826e-02
   7.4700000e+02   1.3386881e-02
   7.4800000e+02   1.3368984e-02
   7.4900000e+02   1.3351135e-02
   7.5000000e+02   1.3333333e-02
   7.5100000e+02   1.3315579e-02
   7.5200000e+02   1.3297872e-02
   7.5300000e+02   1.3280212e-02
   7.5400000e+02   1.3262599e-02
   7.5500000e+02   1.3245033e-02
   7.5600000e+02   1.3227513e-02
   7.5700000e+02   1.3210040e-02
   7.5800000e+02   1.3192612e-02
   7.5900000e+02   1.3175231e-02
   7.6000000e+02   1.3157895e-02
   7.6100000e+02   1.3140604e-02
   7.6200000e+02   1.3123360e-02
   7.6300000e+02   1.3106160e-02
   7.6400000e+02   1.3089005e-02
   7.6500000e+02   1.3071895e-02
   7.6600000e+02   1.3054830e-02
   7.6700000e+02   1.3037810e-02
   7.6800000e+02   1.3020833e-02
   7.6900000e+02   1.3003901e-02
   7.7000000e+02   1.2987013e-02
   7.7100000e+02   1.2970169e-02
   7.7200000e+02   1.2953368e-02
   7.7300000e+02   1.2936611e-02
   7.7400000e+02   1.2919897e-02
   7.7500000e+02   1.2903226e-02
   7.7600000e+02   1.2886598e-02
   7.7700000e+02   1.2870013e-02
   7.7800000e+02   1.2853470e-02
   7.7900000e+02   1.2836970e-02
   7.8000000e+02   1.2820513e-02
   7.8100000e+02   1.2804097e-02
   7.8200000e+02   1.2787724e-02
   7.8300000e+02   1.2771392e-02
   7.8400000e+02   1.2755102e-02
   7.8500000e+02   1.2738854e-02
   7.8600000e+02   1.2722646e-02
   7.8700000e+02   1.2706480e-02
   7.8800000e+02   1.2690355e-02
   7.8900000e+02   1.2674271e-02
   7.9000000e+02   1.2658228e-02
   7.9100000e+02   1.2642225e-02
   7.9200000e+02   1.2626263e-02
   7.9300000e+02   1.2610340e-02
   7.9400000e+02   1.2594458e-02
   7.9500000e+02   1.2578616e-02
   7.9600000e+02   1.2562814e-02
   7.9700000e+02   1.2547051e-02
   7.9800000e+02   1.2531328e-02
   7.9900000e+02   1.2515645e-02
   8.0000000e+02   1.2500000e-02
   8.0100000e+02   1.2484395e-02
   8.0200000e+02   1.2468828e-02
   8.0300000e+02   1.2453300e-02
   8.0400000e+02   1.2437811e-02
   8.0500000e+02   1.2422360e-02
   8.0600000e+02   1.2406948e-02
   8.0700000e+02   1.2391574e-02
   8.0800000e+02   1.2376238e-02
   8.0900000e+02   1.2360939e-02
   8.1000000e+02   1.2345679e-02
   8.1100000e+02   1.2330456e-02
   8.1200000e+02   1.2315271e-02
   8.1300000e+02   1.2300123e-02
   8.1400000e+02   1.2285012e-02
   8.1500000e+02   1.2269939e-02
   8.1600000e+02   1.2254902e-02
   8.1700000e+02   1.2239902e-02
   8.1800000e+02   1.2224939e-02
   8.1900000e+02   1.2210012e-02
   8.2000000e+02   1.2195122e-02
   8.2100000e+02   1.2180268e-02
   8.2200000e+02   1.2165450e-02
   8.2300000e+02   1.2150668e-02
   8.2400000e+02   1.2135922e-02
   8.2500000e+02   1.2121212e-02
   8.2600000e+02   1.2106538e-02
   8.2700000e+02   1.2091898e-02
   8.2800000e+02   1.2077295e-02
   8.2900000e+02   1.2062726e-02
   8.3000000e+02   1.2048193e-02
   8.3100000e+02   1.2033694e-02
   8.3200000e+02   1.2019231e-02
   8.3300000e+02   1.2004802e-02
   8.3400000e+02   1.1990408e-02
   8.3500000e+02   1.1976048e-02
   8.3600000e+02   1.1961722e-02
   8.3700000e+02   1.1947431e-02
   8.3800000e+02   1.1933174e-02
   8.3900000e+02   1.1918951e-02
   8.4000000e+02   1.1904762e-02
   8.4100000e+02   1.1890606e-02
   8.4200000e+02   1.1876485e-02
   8.4300000e+02   1.1862396e-02
   8.4400000e+02   1.1848341e-02
   8.4500000e+02   1.1834320e-02
   8.4600000e+02   1.1820331e-02
   8.4700000e+02   1.1806375e-02
   8.4800000e+02   1.1792453e-02
   8.4900000e+02   1.1778563e-02
   8.5000000e+02   1.1764706e-02
   8.5100000e+02   1.1750881e-02
   8.5200000e+02   1.1737089e-02
   8.5300000e+02   1.1723329e-02
   8.5400000e+02   1.1709602e-02
   8.5500000e+02   1.1695906e-02
   8.5600000e+02   1.1682243e-02
   8.5700000e+02   1.1668611e-02
   8.5800000e+02   1.1655012e-02
   8.5900000e+02   1.1641444e-02
   8.6000000e+02   1.1627907e-02
   8.6100000e+02   1.1614402e-02
   8.6200000e+02   1.1600928e-02
   8.6300000e+02   1.1587486e-02
   8.6400000e+02   1.1574074e-02
   8.6500000e+02   1.1560694e-02
   8.6600000e+02   1.1547344e-02
   8.6700000e+02   1.1534025e-02
   8.6800000e+02   1.1520737e-02
   8.6900000e+02   1.1507480e-02
   8.7000000e+02   1.1494253e-02
   8.7100000e+02   1.1481056e-02
   8.7200000e+02   1.1467890e-02
   8.7300000e+02   1.1454754e-02
   8.7400000e+02   1.1441648e-02
   8.7500000e+02   1.1428571e-02
   8.7600000e+02   1.1415525e-02
   8.7700000e+02   1.1402509e-02
   8.7800000e+02   1.1389522e-02
   8.7900000e+02   1.1376564e-02
   8.8000000e+02   1.1363636e-02
   8.8100000e+02   1.1350738e-02
   8.8200000e+02   1.1337868e-02
   8.8300000e+02   1.1325028e-02
   8.8400000e+02   1.1312217e-02
   8.8500000e+02   1.1299435e-02
   8.8600000e+02   1.1286682e-02
   8.8700000e+02   1.1273957e-02
   8.8800000e+02   1.1261261e-02
   8.8900000e+02   1.1248594e-02
   8.9000000e+02   1.1235955e-02
   8.9100000e+02   1.1223345e-02
   8.9200000e+02   1.1210762e-02
   8.9300000e+02   1.1198208e-02
   8.9400000e+02   1.1185682e-02
   8.9500000e+02   1.1173184e-02
   8.9600000e+02   1.1160714e-02
   8.9700000e+02   1.1148272e-02
   8.9800000e+02   1.1135857e-02
   8.9900000e+02   1.1123471e-02
   9.0000000e+02   1.1111111e-02
   9.0100000e+02   1.1098779e-02
   9.0200000e+02   1.1086475e-02
   9.0300000e+02   1.1074197e-02
   9.0400000e+02   1.1061947e-02
   9.0500000e+02   1.1049724e-02
   9.0600000e+02   1.1037528e-02
   9.0700000e+02   1.1025358e-02
   9.0800000e+02   1.1013216e-02
   9.0900000e+02   1.1001100e-02
   9.1000000e+02   1.0989011e-02
   9.1100000e+02   1.0976948e-02
   9.1200000e+02   1.0964912e-02
   9.1300000e+02   1.0952903e-02
   9.1400000e+02   1.0940919e-02
   9.1500000e+02   1.0928962e-02
   9.1600000e+02   1.0917031e-02
   9.1700000e+02   1.0905125e-02
   9.1800000e+02   1.0893246e-02
   9.1900000e+02   1.0881393e-02
   9.2000000e+02   1.0869565e-02
   9.2100000e+02   1.0857763e-02
   9.2200000e+02   1.0845987e-02
   9.2300000e+02   1.0834236e-02
   9.2400000e+02   1.0822511e-02
   9.2500000e+02   1.0810811e-02
   9.2600000e+02   1.0799136e-02
   9.2700000e+02   1.0787487e-02
   9.2800000e+02   1.0775862e-02
   9.2900000e+02   1.0764263e-02
   9.3000000e+02   1.0752688e-02
   9.3100000e+02   1.0741139e-02
   9.3200000e+02   1.0729614e-02
   9.3300000e+02   1.0718114e-02
   9.3400000e+02   1.0706638e-02
   9.3500000e+02   1.0695187e-02
   9.3600000e+02   1.0683761e-02
   9.3700000e+02   1.0672359e-02
   9.3800000e+02   1.0660981e-02
   9.3900000e+02   1.0649627e-02
   9.4000000e+02   1.0638298e-02
   9.4100000e+02   1.0626993e-02
   9.4200000e+02   1.0615711e-02
   9.4300000e+02   1.0604454e-02
   9.4400000e+02   1.0593220e-02
   9.4500000e+02   1.0582011e-02
   9.4600000e+02   1.0570825e-02
   9.4700000e+02   1.0559662e-02
   9.4800000e+02   1.0548523e-02
   9.4900000e+02   1.0537408e-02
   9.5000000e+02   1.0526316e-02
   9.5100000e+02   1.0515247e-02
   9.5200000e+02   1.0504202e-02
   9.5300000e+02   1.0493179e-02
   9.5400000e+02   1.0482180e-02
   9.5500000e+02   1.0471204e-02
   9.5600000e+02   1.0460251e-02
   9.5700000e+02   1.0449321e-02
   9.5800000e+02   1.0438413e-02
   9.5900000e+02   1.0427529e-02
   9.6000000e+02   1.0416667e-02
   9.6100000e+02   1.0405827e-02
   9.6200000e+02   1.0395010e-02
   9.6300000e+02   1.0384216e-02
   9.6400000e+02   1.0373444e-02
   9.6500000e+02   1.0362694e-02
   9.6600000e+02   1.0351967e-02
   9.6700000e+02   1.0341262e-02
   9.6800000e+02   1.0330579e-02
   9.6900000e+02   1.0319917e-02
   9.7000000e+02   1.0309278e-02
   9.7100000e+02   1.0298661e-02
   9.7200000e+02   1.0288066e-02
   9.7300000e+02   1.0277492e-02
   9.7400000e+02   1.0266940e-02
   9.7500000e+02   1.0256410e-02
   9.7600000e+02   1.0245902e-02
   9.7700000e+02   1.0235415e-02
   9.7800000e+02   1.0224949e-02
   9.7900000e+02   1.0214505e-02
   9.8000000e+02   1.0204082e-02
   9.8100000e+02   1.0193680e-02
   9.8200000e+02   1.0183299e-02
   9.8300000e+02   1.0172940e-02
   9.8400000e+02   1.0162602e-02
   9.8500000e+02   1.0152284e-02
   9.8600000e+02   1.0141988e-02
   9.8700000e+02   1.0131712e-02
   9.8800000e+02   1.0121457e-02
   9.8900000e+02   1.0111223e-02
   9.9000000e+02   1.0101010e-02
   9.9100000e+02   1.0090817e-02
   9.9200000e+02   1.0080645e-02
   9.9300000e+02   1.0070493e-02
   9.9400000e+02   1.0060362e-02
   9.9500000e+02   1.0050251e-02
   9.9600000e+02   1.0040161e-02
   9.9700000e+02   1.0030090e-02
   9.9800000e+02   1.0020040e-02
   9.9900000e+02   1.0010010e-02
   1.0000000e+03   1.0000000e-02
   1.0010000e+03   9.9900100e-03
   1.0020000e+03   9.9800399e-03
   1.0030000e+03   9.9700897e-03
   1.0040000e+03   9.9601594e-03
   1.0050000e+03   9.9502488e-03
   1.0060000e+03   9.9403579e-03
   1.0070000e+03   9.9304866e-03
   1.0080000e+03   9.9206349e-03
   1.0090000e+03   9.9108028e-03
   1.0100000e+03   9.9009901e-03
   1.0110000e+03   9.8911968e-03
   1.0120000e+03   9.8814229e-03
   1.0130000e+03   9.8716683e-03
   1.0140000e+03   9.8619329e-03
   1.0150000e+03   9.8522167e-03
   1.0160000e+03   9.8425197e-03
   1.0170000e+03   9.8328417e-03
   1.0180000e+03   9.8231827e-03
   1.0190000e+03   9.8135427e-03
   1.0200000e+03   9.8039216e-03
   1.0210000e+03   9.7943193e-03
   1.0220000e+03   9.7847358e-03
   1.0230000e+03   9.7751711e-03
   1.0240000e+03   9.7656250e-03
   1.0250000e+03   9.7560976e-03
   1.0260000e+03   9.7465887e-03
   1.0270000e+03   9.7370983e-03
   1.0280000e+03   9.7276265e-03
   1.0290000e+03   9.7181730e-03
   1.0300000e+03   9.7087379e-03
   1.0310000e+03   9.6993210e-03
   1.0320000e+03   9.6899225e-03
   1.0330000e+03   9.6805421e-03
   1.0340000e+03   9.6711799e-03
   1.0350000e+03   9.6618357e-03
   1.0360000e+03   9.6525097e-03
   1.0370000e+03   9.6432015e-03
   1.0380000e+03   9.6339114e-03
   1.0390000e+03   9.6246391e-03
   1.0400000e+03   9.6153846e-03
   1.0410000e+03   9.6061479e-03
   1.0420000e+03   9.5969290e-03
   1.0430000e+03   9.5877277e-03
   1.0440000e+03   9.5785441e-03
   1.0450000e+03   9.5693780e-03
   1.0460000e+03   9.5602294e-03
   1.0470000e+03   9.5510984e-03
   1.0480000e+03   9.5419847e-03
   1.0490000e+03   9.5328885e-03
   1.0500000e+03   9.5238095e-03
   1.0510000e+03   9.5147479e-03
   1.0520000e+03   9.5057034e-03
   1.0530000e+03   9.4966762e-03
   1.0540000e+03   9.4876660e-03
   1.0550000e+03   9.4786730e-03
   1.0560000e+03   9.4696970e-03
   1.0570000e+03   9.4607379e-03
   1.0580000e+03   9.4517958e-03
   1.0590000e+03   9.4428706e-03
   1.0600000e+03   9.4339623e-03
   1.0610000e+03   9.4250707e-03
   1.0620000e+03   9.4161959e-03
   1.0630000e+03   9.4073377e-03
   1.0640000e+03   9.3984962e-03
   1.0650000e+03   9.3896714e-03
   1.0660000e+03   9.3808630e-03
   1.0670000e+03   9.3720712e-03
   1.0680000e+03   9.3632959e-03
   1.0690000e+03   9.3545370e-03
   1.0700000e+03   9.3457944e-03
   1.0710000e+03   9.3370682e-03
   1.0720000e+03   9.3283582e-03
   1.0730000e+03   9.3196645e-03
   1.0740000e+03   9.3109870e-03
   1.0750000e+03   9.3023256e-03
   1.0760000e+03   9.2936803e-03
   1.0770000e+03   9.2850511e-03
   1.0780000e+03   9.2764378e-03
   1.0790000e+03   9.2678406e-03
   1.0800000e+03   9.2592593e-03
   1.0810000e+03   9.2506938e-03
   1.0820000e+03   9.2421442e-03
   1.0830000e+03   9.2336103e-03
   1.0840000e+03   9.2250923e-03
   1.0850000e+03   9.2165899e-03
   1.0860000e+03   9.2081031e-03
   1.0870000e+03   9.1996320e-03
   1.0880000e+03   9.1911765e-03
   1.0890000e+03   9.1827365e-03
   1.0900000e+03   9.1743119e-03
   1.0910000e+03   9.1659028e-03
   1.0920000e+03   9.1575092e-03
   1.0930000e+03   9.1491308e-03
   1.0940000e+03   9.1407678e-03
   1.0950000e+03   9.1324201e-03
   1.0960000e+03   9.1240876e-03
   1.0970000e+03   9.1157703e-03
   1.0980000e+03   9.1074681e-03
   1.0990000e+03   9.0991811e-03
   1.1000000e+03   9.0909091e-03
   1.1010000e+03   9.0826521e-03
   1.1020000e+03   9.0744102e-03
   1.1030000e+03   9.0661831e-03
   1.1040000e+03   9.0579710e-03
   1.1050000e+03   9.0497738e-03
   1.1060000e+03   9.0415913e-03
   1.1070000e+03   9.0334237e-03
   1.1080000e+03   9.0252708e-03
   1.1090000e+03   9.0171326e-03
   1.1100000e+03   9.0090090e-03
   1.1110000e+03   9.0009001e-03
   1.1120000e+03   8.9928058e-03
   1.1130000e+03   8.9847260e-03
   1.1140000e+03   8.9766607e-03
   1.1150000e+03   8.9686099e-03
   1.1160000e+03   8.9605735e-03
   1.1170000e+03   8.9525515e-03
   1.1180000e+03   8.9445438e-03
   1.1190000e+03   8.9365505e-03
   1.1200000e+03   8.9285714e-03
   1.1210000e+03   8.9206066e-03
   1.1220000e+03   8.9126560e-03
   1.1230000e+03   8.9047195e-03
   1.1240000e+03   8.8967972e-03
   1.1250000e+03   8.8888889e-03
   1.1260000e+03   8.8809947e-03
   1.1270000e+03   8.8731145e-03
   1.1280000e+03   8.8652482e-03
   1.1290000e+03   8.8573959e-03
   1.1300000e+03   8.8495575e-03
   1.1310000e+03   8.8417330e-03
   1.1320000e+03   8.8339223e-03
   1.1330000e+03   8.8261253e-03
   1.1340000e+03   8.8183422e-03
   1.1350000e+03   8.8105727e-03
   1.1360000e+03   8.8028169e-03
   1.1370000e+03   8.7950748e-03
   1.1380000e+03   8.7873462e-03
   1.1390000e+03   8.7796313e-03
   1.1400000e+03   8.7719298e-03
   1.1410000e+03   8.7642419e-03
   1.1420000e+03   8.7565674e-03
   1.1430000e+03   8.7489064e-03
   1.1440000e+03   8.7412587e-03
   1.1450000e+03   8.7336245e-03
   1.1460000e+03   8.7260035e-03
   1.1470000e+03   8.7183958e-03
   1.1480000e+03   8.7108014e-03
   1.1490000e+03   8.7032202e-03
   1.1500000e+03   8.6956522e-03
   1.1510000e+03   8.6880973e-03
   1.1520000e+03   8.6805556e-03
   1.1530000e+03   8.6730269e-03
   1.1540000e+03   8.6655113e-03
   1.1550000e+03   8.6580087e-03
   1.1560000e+03   8.6505190e-03
   1.1570000e+03   8.6430424e-03
   1.1580000e+03   8.6355786e-03
   1.1590000e+03   8.6281277e-03
   1.1600000e+03   8.6206897e-03
   1.1610000e+03   8.6132644e-03
   1.1620000e+03   8.6058520e-03
   1.1630000e+03   8.5984523e-03
   1.1640000e+03   8.5910653e-03
   1.1650000e+03   8.5836910e-03
   1.1660000e+03   8.5763293e-03
   1.1670000e+03   8.5689803e-03
   1.1680000e+03   8.5616438e-03
   1.1690000e+03   8.5543199e-03
   1.1700000e+03   8.5470085e-03
   1.1710000e+03   8.5397096e-03
   1.1720000e+03   8.5324232e-03
   1.1730000e+03   8.5251492e-03
   1.1740000e+03   8.5178876e-03
   1.1750000e+03   8.5106383e-03
   1.1760000e+03   8.5034014e-03
   1.1770000e+03   8.4961767e-03
   1.1780000e+03   8.4889643e-03
   1.1790000e+03   8.4817642e-03
   1.1800000e+03   8.4745763e-03
   1.1810000e+03   8.4674005e-03
   1.1820000e+03   8.4602369e-03
   1.1830000e+03   8.4530854e-03
   1.1840000e+03   8.4459459e-03
   1.1850000e+03   8.4388186e-03
   1.1860000e+03   8.4317032e-03
   1.1870000e+03   8.4245998e-03
   1.1880000e+03   8.4175084e-03
   1.1890000e+03   8.4104289e-03
   1.1900000e+03   8.4033613e-03
   1.1910000e+03   8.3963056e-03
   1.1920000e+03   8.3892617e-03
   1.1930000e+03   8.3822297e-03
   1.1940000e+03   8.3752094e-03
   1.1950000e+03   8.3682008e-03
   1.1960000e+03   8.3612040e-03
   1.1970000e+03   8.3542189e-03
   1.1980000e+03   8.3472454e-03
   1.1990000e+03   8.3402836e-03
   1.2000000e+03   8.3333333e-03
   1.2010000e+03   8.3263947e-03
   1.2020000e+03   8.3194676e-03
   1.2030000e+03   8.3125520e-03
   1.2040000e+03   8.3056478e-03
   1.2050000e+03   8.2987552e-03
   1.2060000e+03   8.2918740e-03
   1.2070000e+03   8.2850041e-03
   1.2080000e+03   8.2781457e-03
   1.2090000e+03   8.2712986e-03
   1.2100000e+03   8.2644628e-03
   1.2110000e+03   8.2576383e-03
   1.2120000e+03   8.2508251e-03
   1.2130000e+03   8.2440231e-03
   1.2140000e+03   8.2372323e-03
   1.2150000e+03   8.2304527e-03
   1.2160000e+03   8.2236842e-03
   1.2170000e+03   8.2169269e-03
   1.2180000e+03   8.2101806e-03
   1.2190000e+03   8.2034454e-03
   1.2200000e+03   8.1967213e-03
   1.2210000e+03   8.1900082e-03
   1.2220000e+03   8.1833061e-03
   1.2230000e+03   8.1766149e-03
   1.2240000e+03   8.1699346e-03
   1.2250000e+03   8.1632653e-03
   1.2260000e+03   8.1566069e-03
   1.2270000e+03   8.1499593e-03
   1.2280000e+03   8.1433225e-03
   1.2290000e+03   8.1366965e-03
   1.2300000e+03   8.1300813e-03
   1.2310000e+03   8.1234768e-03
   1.2320000e+03   8.1168831e-03
   1.2330000e+03   8.1103001e-03
   1.2340000e+03   8.1037277e-03
   1.2350000e+03   8.0971660e-03
   1.2360000e+03   8.0906149e-03
   1.2370000e+03   8.0840744e-03
   1.2380000e+03   8.0775444e-03
   1.2390000e+03   8.0710250e-03
   1.2400000e+03   8.0645161e-03
   1.2410000e+03   8.0580177e-03
   1.2420000e+03   8.0515298e-03
   1.2430000e+03   8.0450523e-03
   1.2440000e+03   8.0385852e-03
   1.2450000e+03   8.0321285e-03
   1.2460000e+03   8.0256822e-03
   1.2470000e+03   8.0192462e-03
   1.2480000e+03   8.0128205e-03
   1.2490000e+03   8.0064051e-03
   1.2500000e+03   8.0000000e-03
   1.2510000e+03   7.9936051e-03
   1.2520000e+03   7.9872204e-03
   1.2530000e+03   7.9808460e-03
   1.2540000e+03   7.9744817e-03
   1.2550000e+03   7.9681275e-03
   1.2560000e+03   7.9617834e-03
   1.2570000e+03   7.9554495e-03
   1.2580000e+03   7.9491256e-03
   1.2590000e+03   7.9428118e-03
   1.2600000e+03   7.9365079e-03
   1.2610000e+03   7.9302141e-03
   1.2620000e+03   7.9239303e-03
   1.2630000e+03   7.9176564e-03
   1.2640000e+03   7.9113924e-03
   1.2650000e+03   7.9051383e-03
   1.2660000e+03   7.8988942e-03
   1.2670000e+03   7.8926598e-03
   1.2680000e+03   7.8864353e-03
   1.2690000e+03   7.8802206e-03
   1.2700000e+03   7.8740157e-03
   1.2710000e+03   7.8678206e-03
   1.2720000e+03   7.8616352e-03
   1.2730000e+03   7.8554595e-03
   1.2740000e+03   7.8492936e-03
   1.2750000e+03   7.8431373e-03
   1.2760000e+03   7.8369906e-03
   1.2770000e+03   7.8308536e-03
   1.2780000e+03   7.8247261e-03
   1.2790000e+03   7.8186083e-03
   1.2800000e+03   7.8125000e-03
   1.2810000e+03   7.8064012e-03
   1.2820000e+03   7.8003120e-03
   1.2830000e+03   7.7942323e-03
   1.2840000e+03   7.7881620e-03
   1.2850000e+03   7.7821012e-03
   1.2860000e+03   7.7760498e-03
   1.2870000e+03   7.7700078e-03
   1.2880000e+03   7.7639752e-03
   1.2890000e+03   7.7579519e-03
   1.2900000e+03   7.7519380e-03
   1.2910000e+03   7.7459334e-03
   1.2920000e+03   7.7399381e-03
   1.2930000e+03   7.7339520e-03
   1.2940000e+03   7.7279753e-03
   1.2950000e+03   7.7220077e-03
   1.2960000e+03   7.7160494e-03
   1.2970000e+03   7.7101002e-03
   1.2980000e+03   7.7041602e-03
   1.2990000e+03   7.6982294e-03
   1.3000000e+03   7.6923077e-03
   1.3010000e+03   7.6863951e-03
   1.3020000e+03   7.6804916e-03
   1.3030000e+03   7.6745971e-03
   1.3040000e+03   7.6687117e-03
   1.3050000e+03   7.6628352e-03
   1.3060000e+03   7.6569678e-03
   1.3070000e+03   7.6511094e-03
   1.3080000e+03   7.6452599e-03
   1.3090000e+03   7.6394194e-03
   1.3100000e+03   7.6335878e-03
   1.3110000e+03   7.6277651e-03
   1.3120000e+03   7.6219512e-03
   1.3130000e+03   7.6161462e-03
   1.3140000e+03   7.6103501e-03
   1.3150000e+03   7.6045627e-03
   1.3160000e+03   7.5987842e-03
   1.3170000e+03   7.5930144e-03
   1.3180000e+03   7.5872534e-03
   1.3190000e+03   7.5815011e-03
   1.3200000e+03   7.5757576e-03
   1.3210000e+03   7.5700227e-03
   1.3220000e+03   7.5642965e-03
   1.3230000e+03   7.5585790e-03
   1.3240000e+03   7.5528701e-03
   1.3250000e+03   7.5471698e-03
   1.3260000e+03   7.5414781e-03
   1.3270000e+03   7.5357950e-03
   1.3280000e+03   7.5301205e-03
   1.3290000e+03   7.5244545e-03
   1.3300000e+03   7.5187970e-03
   1.3310000e+03   7.5131480e-03
   1.3320000e+03   7.5075075e-03
   1.3330000e+03   7.5018755e-03
   1.3340000e+03   7.4962519e-03
   1.3350000e+03   7.4906367e-03
   1.3360000e+03   7.4850299e-03
   1.3370000e+03   7.4794316e-03
   1.3380000e+03   7.4738416e-03
   1.3390000e+03   7.4682599e-03
   1.3400000e+03   7.4626866e-03
   1.3410000e+03   7.4571216e-03
   1.3420000e+03   7.4515648e-03
   1.3430000e+03   7.4460164e-03
   1.3440000e+03   7.4404762e-03
   1.3450000e+03   7.4349442e-03
   1.3460000e+03   7.4294205e-03
   1.3470000e+03   7.4239050e-03
   1.3480000e+03   7.4183976e-03
   1.3490000e+03   7.4128984e-03
   1.3500000e+03   7.4074074e-03
   1.3510000e+03   7.4019245e-03
   1.3520000e+03   7.3964497e-03
   1.3530000e+03   7.3909830e-03
   1.3540000e+03   7.3855244e-03
   1.3550000e+03   7.3800738e-03
   1.3560000e+03   7.3746313e-03
   1.3570000e+03   7.3691968e-03
   1.3580000e+03   7.3637703e-03
   1.3590000e+03   7.3583517e-03
   1.3600000e+03   7.3529412e-03
   1.3610000e+03   7.3475386e-03
   1.3620000e+03   7.3421439e-03
   1.3630000e+03   7.3367572e-03
   1.3640000e+03   7.3313783e-03
   1.3650000e+03   7.3260073e-03
   1.3660000e+03   7.3206442e-03
   1.3670000e+03   7.3152890e-03
   1.3680000e+03   7.3099415e-03
   1.3690000e+03   7.3046019e-03
   1.3700000e+03   7.2992701e-03
   1.3710000e+03   7.2939460e-03
   1.3720000e+03   7.2886297e-03
   1.3730000e+03   7.2833212e-03
   1.3740000e+03   7.2780204e-03
   1.3750000e+03   7.2727273e-03
   1.3760000e+03   7.2674419e-03
   1.3770000e+03   7.2621641e-03
   1.3780000e+03   7.2568940e-03
   1.3790000e+03   7.2516316e-03
   1.3800000e+03   7.2463768e-03
   1.3810000e+03   7.2411296e-03
   1.3820000e+03   7.2358900e-03
   1.3830000e+03   7.2306580e-03
   1.3840000e+03   7.2254335e-03
   1.3850000e+03   7.2202166e-03
   1.3860000e+03   7.2150072e-03
   1.3870000e+03   7.2098053e-03
   1.3880000e+03   7.2046110e-03
   1.3890000e+03   7.1994240e-03
   1.3900000e+03   7.1942446e-03
   1.3910000e+03   7.1890726e-03
   1.3920000e+03   7.1839080e-03
   1.3930000e+03   7.1787509e-03
   1.3940000e+03   7.1736011e-03
   1.3950000e+03   7.1684588e-03
   1.3960000e+03   7.1633238e-03
   1.3970000e+03   7.1581961e-03
   1.3980000e+03   7.1530758e-03
   1.3990000e+03   7.1479628e-03
   1.4000000e+03   7.1428571e-03
   1.4010000e+03   7.1377587e-03
   1.4020000e+03   7.1326676e-03
   1.4030000e+03   7.1275837e-03
   1.4040000e+03   7.1225071e-03
   1.4050000e+03   7.1174377e-03
   1.4060000e+03   7.1123755e-03
   1.4070000e+03   7.1073205e-03
   1.4080000e+03   7.1022727e-03
   1.4090000e+03   7.0972321e-03
   1.4100000e+03   7.0921986e-03
   1.4110000e+03   7.0871722e-03
   1.4120000e+03   7.0821530e-03
   1.4130000e+03   7.0771408e-03
   1.4140000e+03   7.0721358e-03
   1.4150000e+03   7.0671378e-03
   1.4160000e+03   7.0621469e-03
   1.4170000e+03   7.0571630e-03
   1.4180000e+03   7.0521862e-03
   1.4190000e+03   7.0472163e-03
   1.4200000e+03   7.0422535e-03
   1.4210000e+03   7.0372977e-03
   1.4220000e+03   7.0323488e-03
   1.4230000e+03   7.0274069e-03
   1.4240000e+03   7.0224719e-03
   1.4250000e+03   7.0175439e-03
   1.4260000e+03   7.0126227e-03
   1.4270000e+03   7.0077085e-03
   1.4280000e+03   7.0028011e-03
   1.4290000e+03   6.9979006e-03
   1.4300000e+03   6.9930070e-03
   1.4310000e+03   6.9881202e-03
   1.4320000e+03   6.9832402e-03
   1.4330000e+03   6.9783671e-03
   1.4340000e+03   6.9735007e-03
   1.4350000e+03   6.9686411e-03
   1.4360000e+03   6.9637883e-03
   1.4370000e+03   6.9589422e-03
   1.4380000e+03   6.9541029e-03
   1.4390000e+03   6.9492703e-03
   1.4400000e+03   6.9444444e-03
   1.4410000e+03   6.9396253e-03
   1.4420000e+03   6.9348128e-03
   1.4430000e+03   6.9300069e-03
   1.4440000e+03   6.9252078e-03
   1.4450000e+03   6.9204152e-03
   1.4460000e+03   6.9156293e-03
   1.4470000e+03   6.9108500e-03
   1.4480000e+03   6.9060773e-03
   1.4490000e+03   6.9013112e-03
   1.4500000e+03   6.8965517e-03
   1.4510000e+03   6.8917988e-03
   1.4520000e+03   6.8870523e-03
   1.4530000e+03   6.8823125e-03
   1.4540000e+03   6.8775791e-03
   1.4550000e+03   6.8728522e-03
   1.4560000e+03   6.8681319e-03
   1.4570000e+03   6.8634180e-03
   1.4580000e+03   6.8587106e-03
   1.4590000e+03   6.8540096e-03
   1.4600000e+03   6.8493151e-03
   1.4610000e+03   6.8446270e-03
   1.4620000e+03   6.8399453e-03
   1.4630000e+03   6.8352700e-03
   1.4640000e+03   6.8306011e-03
   1.4650000e+03   6.8259386e-03
   1.4660000e+03   6.8212824e-03
   1.4670000e+03   6.8166326e-03
   1.4680000e+03   6.8119891e-03
   1.4690000e+03   6.8073519e-03
   1.4700000e+03   6.8027211e-03
   1.4710000e+03   6.7980965e-03
   1.4720000e+03   6.7934783e-03
   1.4730000e+03   6.7888663e-03
   1.4740000e+03   6.7842605e-03
   1.4750000e+03   6.7796610e-03
   1.4760000e+03   6.7750678e-03
   1.4770000e+03   6.7704807e-03
   1.4780000e+03   6.7658999e-03
   1.4790000e+03   6.7613252e-03
   1.4800000e+03   6.7567568e-03
   1.4810000e+03   6.7521945e-03
   1.4820000e+03   6.7476383e-03
   1.4830000e+03   6.7430883e-03
   1.4840000e+03   6.7385445e-03
   1.4850000e+03   6.7340067e-03
   1.4860000e+03   6.7294751e-03
   1.4870000e+03   6.7249496e-03
   1.4880000e+03   6.7204301e-03
   1.4890000e+03   6.7159167e-03
   1.4900000e+03   6.7114094e-03
   1.4910000e+03   6.7069081e-03
   1.4920000e+03   6.7024129e-03
   1.4930000e+03   6.6979236e-03
   1.4940000e+03   6.6934404e-03
   1.4950000e+03   6.6889632e-03
   1.4960000e+03   6.6844920e-03
   1.4970000e+03   6.6800267e-03
   1.4980000e+03   6.6755674e-03
   1.4990000e+03   6.6711141e-03
   1.5000000e+03   6.6666667e-03
   1.5010000e+03   6.6622252e-03
   1.5020000e+03   6.6577896e-03
   1.5030000e+03   6.6533599e-03
   1.5040000e+03   6.6489362e-03
   1.5050000e+03   6.6445183e-03
   1.5060000e+03   6.6401062e-03
   1.5070000e+03   6.6357001e-03
   1.5080000e+03   6.6312997e-03
   1.5090000e+03   6.6269052e-03
   1.5100000e+03   6.6225166e-03
   1.5110000e+03   6.6181337e-03
   1.5120000e+03   6.6137566e-03
   1.5130000e+03   6.6093853e-03
   1.5140000e+03   6.6050198e-03
   1.5150000e+03   6.6006601e-03
   1.5160000e+03   6.5963061e-03
   1.5170000e+03   6.5919578e-03
   1.5180000e+03   6.5876153e-03
   1.5190000e+03   6.5832785e-03
   1.5200000e+03   6.5789474e-03
   1.5210000e+03   6.5746220e-03
   1.5220000e+03   6.5703022e-03
   1.5230000e+03   6.5659882e-03
   1.5240000e+03   6.5616798e-03
   1.5250000e+03   6.5573770e-03
   1.5260000e+03   6.5530799e-03
   1.5270000e+03   6.5487885e-03
   1.5280000e+03   6.5445026e-03
   1.5290000e+03   6.5402224e-03
   1.5300000e+03   6.5359477e-03
   1.5310000e+03   6.5316786e-03
   1.5320000e+03   6.5274151e-03
   1.5330000e+03   6.5231572e-03
   1.5340000e+03   6.5189048e-03
   1.5350000e+03   6.5146580e-03
   1.5360000e+03   6.5104167e-03
   1.5370000e+03   6.5061809e-03
   1.5380000e+03   6.5019506e-03
   1.5390000e+03   6.4977258e-03
   1.5400000e+03   6.4935065e-03
   1.5410000e+03   6.4892927e-03
   1.5420000e+03   6.4850843e-03
   1.5430000e+03   6.4808814e-03
   1.5440000e+03   6.4766839e-03
   1.5450000e+03   6.4724919e-03
   1.5460000e+03   6.4683053e-03
   1.5470000e+03   6.4641241e-03
   1.5480000e+03   6.4599483e-03
   1.5490000e+03   6.4557779e-03
   1.5500000e+03   6.4516129e-03
   1.5510000e+03   6.4474533e-03
   1.5520000e+03   6.4432990e-03
   1.5530000e+03   6.4391500e-03
   1.5540000e+03   6.4350064e-03
   1.5550000e+03   6.4308682e-03
   1.5560000e+03   6.4267352e-03
   1.5570000e+03   6.4226076e-03
   1.5580000e+03   6.4184852e-03
   1.5590000e+03   6.4143682e-03
   1.5600000e+03   6.4102564e-03
   1.5610000e+03   6.4061499e-03
   1.5620000e+03   6.4020487e-03
   1.5630000e+03   6.3979527e-03
   1.5640000e+03   6.3938619e-03
   1.5650000e+03   6.3897764e-03
   1.5660000e+03   6.3856960e-03
   1.5670000e+03   6.3816209e-03
   1.5680000e+03   6.3775510e-03
   1.5690000e+03   6.3734863e-03
   1.5700000e+03   6.3694268e-03
   1.5710000e+03   6.3653724e-03
   1.5720000e+03   6.3613232e-03
   1.5730000e+03   6.3572791e-03
   1.5740000e+03   6.3532402e-03
   1.5750000e+03   6.3492063e-03
   1.5760000e+03   6.3451777e-03
   1.5770000e+03   6.3411541e-03
   1.5780000e+03   6.3371356e-03
   1.5790000e+03   6.3331222e-03
   1.5800000e+03   6.3291139e-03
   1.5810000e+03   6.3251107e-03
   1.5820000e+03   6.3211125e-03
   1.5830000e+03   6.3171194e-03
   1.5840000e+03   6.3131313e-03
   1.5850000e+03   6.3091483e-03
   1.5860000e+03   6.3051702e-03
   1.5870000e+03   6.3011972e-03
   1.5880000e+03   6.2972292e-03
   1.5890000e+03   6.2932662e-03
   1.5900000e+03   6.2893082e-03
   1.5910000e+03   6.2853551e-03
   1.5920000e+03   6.2814070e-03
   1.5930000e+03   6.2774639e-03
   1.5940000e+03   6.2735257e-03
   1.5950000e+03   6.2695925e-03
   1.5960000e+03   6.2656642e-03
   1.5970000e+03   6.2617408e-03
   1.5980000e+03   6.2578223e-03
   1.5990000e+03   6.2539087e-03
   1.6000000e+03   6.2500000e-03
   1.6010000e+03   6.2460962e-03
   1.6020000e+03   6.2421973e-03
   1.6030000e+03   6.2383032e-03
   1.6040000e+03   6.2344140e-03
   1.6050000e+03   6.2305296e-03
   1.6060000e+03   6.2266501e-03
   1.6070000e+03   6.2227754e-03
   1.6080000e+03   6.2189055e-03
   1.6090000e+03   6.2150404e-03
   1.6100000e+03   6.2111801e-03
   1.6110000e+03   6.2073246e-03
   1.6120000e+03   6.2034739e-03
   1.6130000e+03   6.1996280e-03
   1.6140000e+03   6.1957869e-03
   1.6150000e+03   6.1919505e-03
   1.6160000e+03   6.1881188e-03
   1.6170000e+03   6.1842919e-03
   1.6180000e+03   6.1804697e-03
   1.6190000e+03   6.1766523e-03
   1.6200000e+03   6.1728395e-03
   1.6210000e+03   6.1690315e-03
   1.6220000e+03   6.1652281e-03
   1.6230000e+03   6.1614295e-03
   1.6240000e+03   6.1576355e-03
   1.6250000e+03   6.1538462e-03
   1.6260000e+03   6.1500615e-03
   1.6270000e+03   6.1462815e-03
   1.6280000e+03   6.1425061e-03
   1.6290000e+03   6.1387354e-03
   1.6300000e+03   6.1349693e-03
   1.6310000e+03   6.1312078e-03
   1.6320000e+03   6.1274510e-03
   1.6330000e+03   6.1236987e-03
   1.6340000e+03   6.1199510e-03
   1.6350000e+03   6.1162080e-03
   1.6360000e+03   6.1124694e-03
   1.6370000e+03   6.1087355e-03
   1.6380000e+03   6.1050061e-03
   1.6390000e+03   6.1012813e-03
   1.6400000e+03   6.0975610e-03
   1.6410000e+03   6.0938452e-03
   1.6420000e+03   6.0901340e-03
   1.6430000e+03   6.0864273e-03
   1.6440000e+03   6.0827251e-03
   1.6450000e+03   6.0790274e-03
   1.6460000e+03   6.0753341e-03
   1.6470000e+03   6.0716454e-03
   1.6480000e+03   6.0679612e-03
   1.6490000e+03   6.0642814e-03
   1.6500000e+03   6.0606061e-03
   1.6510000e+03   6.0569352e-03
   1.6520000e+03   6.0532688e-03
   1.6530000e+03   6.0496068e-03
   1.6540000e+03   6.0459492e-03
   1.6550000e+03   6.0422961e-03
   1.6560000e+03   6.0386473e-03
   1.6570000e+03   6.0350030e-03
   1.6580000e+03   6.0313631e-03
   1.6590000e+03   6.0277275e-03
   1.6600000e+03   6.0240964e-03
   1.6610000e+03   6.0204696e-03
   1.6620000e+03   6.0168472e-03
   1.6630000e+03   6.0132291e-03
   1.6640000e+03   6.0096154e-03
   1.6650000e+03   6.0060060e-03
   1.6660000e+03   6.0024010e-03
   1.6670000e+03   5.9988002e-03
   1.6680000e+03   5.9952038e-03
   1.6690000e+03   5.9916117e-03
   1.6700000e+03   5.9880240e-03
   1.6710000e+03   5.9844405e-03
   1.6720000e+03   5.9808612e-03
   1.6730000e+03   5.9772863e-03
   1.6740000e+03   5.9737157e-03
   1.6750000e+03   5.9701493e-03
   1.6760000e+03   5.9665871e-03
   1.6770000e+03   5.9630292e-03
   1.6780000e+03   5.9594756e-03
   1.6790000e+03   5.9559261e-03
   1.6800000e+03   5.9523810e-03
   1.6810000e+03   5.9488400e-03
   1.6820000e+03   5.9453032e-03
   1.6830000e+03   5.9417706e-03
   1.6840000e+03   5.9382423e-03
   1.6850000e+03   5.9347181e-03
   1.6860000e+03   5.9311981e-03
   1.6870000e+03   5.9276823e-03
   1.6880000e+03   5.9241706e-03
   1.6890000e+03   5.9206631e-03
   1.6900000e+03   5.9171598e-03
   1.6910000e+03   5.9136606e-03
   1.6920000e+03   5.9101655e-03
   1.6930000e+03   5.9066745e-03
   1.6940000e+03   5.9031877e-03
   1.6950000e+03   5.8997050e-03
   1.6960000e+03   5.8962264e-03
   1.6970000e+03   5.8927519e-03
   1.6980000e+03   5.8892815e-03
   1.6990000e+03   5.8858152e-03
   1.7000000e+03   5.8823529e-03
   1.7010000e+03   5.8788948e-03
   1.7020000e+03   5.8754407e-03
   1.7030000e+03   5.8719906e-03
   1.7040000e+03   5.8685446e-03
   1.7050000e+03   5.8651026e-03
   1.7060000e+03   5.8616647e-03
   1.7070000e+03   5.8582308e-03
   1.7080000e+03   5.8548009e-03
   1.7090000e+03   5.8513751e-03
   1.7100000e+03   5.8479532e-03
   1.7110000e+03   5.8445354e-03
   1.7120000e+03   5.8411215e-03
   1.7130000e+03   5.8377116e-03
   1.7140000e+03   5.8343057e-03
   1.7150000e+03   5.8309038e-03
   1.7160000e+03   5.8275058e-03
   1.7170000e+03   5.8241118e-03
   1.7180000e+03   5.8207218e-03
   1.7190000e+03   5.8173357e-03
   1.7200000e+03   5.8139535e-03
   1.7210000e+03   5.8105752e-03
   1.7220000e+03   5.8072009e-03
   1.7230000e+03   5.8038305e-03
   1.7240000e+03   5.8004640e-03
   1.7250000e+03   5.7971014e-03
   1.7260000e+03   5.7937428e-03
   1.7270000e+03   5.7903880e-03
   1.7280000e+03   5.7870370e-03
   1.7290000e+03   5.7836900e-03
   1.7300000e+03   5.7803468e-03
   1.7310000e+03   5.7770075e-03
   1.7320000e+03   5.7736721e-03
   1.7330000e+03   5.7703405e-03
   1.7340000e+03   5.7670127e-03
   1.7350000e+03   5.7636888e-03
   1.7360000e+03   5.7603687e-03
   1.7370000e+03   5.7570524e-03
   1.7380000e+03   5.7537399e-03
   1.7390000e+03   5.7504313e-03
   1.7400000e+03   5.7471264e-03
   1.7410000e+03   5.7438254e-03
   1.7420000e+03   5.7405281e-03
   1.7430000e+03   5.7372347e-03
   1.7440000e+03   5.7339450e-03
   1.7450000e+03   5.7306590e-03
   1.7460000e+03   5.7273769e-03
   1.7470000e+03   5.7240985e-03
   1.7480000e+03   5.7208238e-03
   1.7490000e+03   5.7175529e-03
   1.7500000e+03   5.7142857e-03
   1.7510000e+03   5.7110223e-03
   1.7520000e+03   5.7077626e-03
   1.7530000e+03   5.7045066e-03
   1.7540000e+03   5.7012543e-03
   1.7550000e+03   5.6980057e-03
   1.7560000e+03   5.6947608e-03
   1.7570000e+03   5.6915196e-03
   1.7580000e+03   5.6882821e-03
   1.7590000e+03   5.6850483e-03
   1.7600000e+03   5.6818182e-03
   1.7610000e+03   5.6785917e-03
   1.7620000e+03   5.6753689e-03
   1.7630000e+03   5.6721497e-03
   1.7640000e+03   5.6689342e-03
   1.7650000e+03   5.6657224e-03
   1.7660000e+03   5.6625142e-03
   1.7670000e+03   5.6593096e-03
   1.7680000e+03   5.6561086e-03
   1.7690000e+03   5.6529112e-03
   1.7700000e+03   5.6497175e-03
   1.7710000e+03   5.6465274e-03
   1.7720000e+03   5.6433409e-03
   1.7730000e+03   5.6401579e-03
   1.7740000e+03   5.6369786e-03
   1.7750000e+03   5.6338028e-03
   1.7760000e+03   5.6306306e-03
   1.7770000e+03   5.6274620e-03
   1.7780000e+03   5.6242970e-03
   1.7790000e+03   5.6211355e-03
   1.7800000e+03   5.6179775e-03
   1.7810000e+03   5.6148231e-03
   1.7820000e+03   5.6116723e-03
   1.7830000e+03   5.6085250e-03
   1.7840000e+03   5.6053812e-03
   1.7850000e+03   5.6022409e-03
   1.7860000e+03   5.5991041e-03
   1.7870000e+03   5.5959709e-03
   1.7880000e+03   5.5928412e-03
   1.7890000e+03   5.5897149e-03
   1.7900000e+03   5.5865922e-03
   1.7910000e+03   5.5834729e-03
   1.7920000e+03   5.5803571e-03
   1.7930000e+03   5.5772448e-03
   1.7940000e+03   5.5741360e-03
   1.7950000e+03   5.5710306e-03
   1.7960000e+03   5.5679287e-03
   1.7970000e+03   5.5648303e-03
   1.7980000e+03   5.5617353e-03
   1.7990000e+03   5.5586437e-03
   1.8000000e+03   5.5555556e-03
   1.8010000e+03   5.5524708e-03
   1.8020000e+03   5.5493896e-03
   1.8030000e+03   5.5463117e-03
   1.8040000e+03   5.5432373e-03
   1.8050000e+03   5.5401662e-03
   1.8060000e+03   5.5370986e-03
   1.8070000e+03   5.5340343e-03
   1.8080000e+03   5.5309735e-03
   1.8090000e+03   5.5279160e-03
   1.8100000e+03   5.5248619e-03
   1.8110000e+03   5.5218112e-03
   1.8120000e+03   5.5187638e-03
   1.8130000e+03   5.5157198e-03
   1.8140000e+03   5.5126792e-03
   1.8150000e+03   5.5096419e-03
   1.8160000e+03   5.5066079e-03
   1.8170000e+03   5.5035773e-03
   1.8180000e+03   5.5005501e-03
   1.8190000e+03   5.4975261e-03
   1.8200000e+03   5.4945055e-03
   1.8210000e+03   5.4914882e-03
   1.8220000e+03   5.4884742e-03
   1.8230000e+03   5.4854635e-03
   1.8240000e+03   5.4824561e-03
   1.8250000e+03   5.4794521e-03
   1.8260000e+03   5.4764513e-03
   1.8270000e+03   5.4734537e-03
   1.8280000e+03   5.4704595e-03
   1.8290000e+03   5.4674686e-03
   1.8300000e+03   5.4644809e-03
   1.8310000e+03   5.4614965e-03
   1.8320000e+03   5.4585153e-03
   1.8330000e+03   5.4555374e-03
   1.8340000e+03   5.4525627e-03
   1.8350000e+03   5.4495913e-03
   1.8360000e+03   5.4466231e-03
   1.8370000e+03   5.4436581e-03
   1.8380000e+03   5.4406964e-03
   1.8390000e+03   5.4377379e-03
   1.8400000e+03   5.4347826e-03
   1.8410000e+03   5.4318305e-03
   1.8420000e+03   5.4288817e-03
   1.8430000e+03   5.4259360e-03
   1.8440000e+03   5.4229935e-03
   1.8450000e+03   5.4200542e-03
   1.8460000e+03   5.4171181e-03
   1.8470000e+03   5.4141852e-03
   1.8480000e+03   5.4112554e-03
   1.8490000e+03   5.4083288e-03
   1.8500000e+03   5.4054054e-03
   1.8510000e+03   5.4024851e-03
   1.8520000e+03   5.3995680e-03
   1.8530000e+03   5.3966541e-03
   1.8540000e+03   5.3937433e-03
   1.8550000e+03   5.3908356e-03
   1.8560000e+03   5.3879310e-03
   1.8570000e+03   5.3850296e-03
   1.8580000e+03   5.3821313e-03
   1.8590000e+03   5.3792361e-03
   1.8600000e+03   5.3763441e-03
   1.8610000e+03   5.3734551e-03
   1.8620000e+03   5.3705693e-03
   1.8630000e+03   5.3676865e-03
   1.8640000e+03   5.3648069e-03
   1.8650000e+03   5.3619303e-03
   1.8660000e+03   5.3590568e-03
   1.8670000e+03   5.3561864e-03
   1.8680000e+03   5.3533191e-03
   1.8690000e+03   5.3504548e-03
   1.8700000e+03   5.3475936e-03
   1.8710000e+03   5.3447354e-03
   1.8720000e+03   5.3418803e-03
   1.8730000e+03   5.3390283e-03
   1.8740000e+03   5.3361793e-03
   1.8750000e+03   5.3333333e-03
   1.8760000e+03   5.3304904e-03
   1.8770000e+03   5.3276505e-03
   1.8780000e+03   5.3248136e-03
   1.8790000e+03   5.3219798e-03
   1.8800000e+03   5.3191489e-03
   1.8810000e+03   5.3163211e-03
   1.8820000e+03   5.3134963e-03
   1.8830000e+03   5.3106745e-03
   1.8840000e+03   5.3078556e-03
   1.8850000e+03   5.3050398e-03
   1.8860000e+03   5.3022269e-03
   1.8870000e+03   5.2994171e-03
   1.8880000e+03   5.2966102e-03
   1.8890000e+03   5.2938062e-03
   1.8900000e+03   5.2910053e-03
   1.8910000e+03   5.2882073e-03
   1.8920000e+03   5.2854123e-03
   1.8930000e+03   5.2826202e-03
   1.8940000e+03   5.2798310e-03
   1.8950000e+03   5.2770449e-03
   1.8960000e+03   5.2742616e-03
   1.8970000e+03   5.2714813e-03
   1.8980000e+03   5.2687039e-03
   1.8990000e+03   5.2659294e-03
   1.9000000e+03   5.2631579e-03
   1.9010000e+03   5.2603893e-03
   1.9020000e+03   5.2576236e-03
   1.9030000e+03   5.2548607e-03
   1.9040000e+03   5.2521008e-03
   1.9050000e+03   5.2493438e-03
   1.9060000e+03   5.2465897e-03
   1.9070000e+03   5.2438385e-03
   1.9080000e+03   5.2410901e-03
   1.9090000e+03   5.2383447e-03
   1.9100000e+03   5.2356021e-03
   1.9110000e+03   5.2328624e-03
   1.9120000e+03   5.2301255e-03
   1.9130000e+03   5.2273915e-03
   1.9140000e+03   5.2246604e-03
   1.9150000e+03   5.2219321e-03
   1.9160000e+03   5.2192067e-03
   1.9170000e+03   5.2164841e-03
   1.9180000e+03   5.2137643e-03
   1.9190000e+03   5.2110474e-03
   1.9200000e+03   5.2083333e-03
   1.9210000e+03   5.2056221e-03
   1.9220000e+03   5.2029136e-03
   1.9230000e+03   5.2002080e-03
   1.9240000e+03   5.1975052e-03
   1.9250000e+03   5.1948052e-03
   1.9260000e+03   5.1921080e-03
   1.9270000e+03   5.1894136e-03
   1.9280000e+03   5.1867220e-03
   1.9290000e+03   5.1840332e-03
   1.9300000e+03   5.1813472e-03
   1.9310000e+03   5.1786639e-03
   1.9320000e+03   5.1759834e-03
   1.9330000e+03   5.1733057e-03
   1.9340000e+03   5.1706308e-03
   1.9350000e+03   5.1679587e-03
   1.9360000e+03   5.1652893e-03
   1.9370000e+03   5.1626226e-03
   1.9380000e+03   5.1599587e-03
   1.9390000e+03   5.1572976e-03
   1.9400000e+03   5.1546392e-03
   1.9410000e+03   5.1519835e-03
   1.9420000e+03   5.1493306e-03
   1.9430000e+03   5.1466804e-03
   1.9440000e+03   5.1440329e-03
   1.9450000e+03   5.1413882e-03
   1.9460000e+03   5.1387461e-03
   1.9470000e+03   5.1361068e-03
   1.9480000e+03   5.1334702e-03
   1.9490000e+03   5.1308363e-03
   1.9500000e+03   5.1282051e-03
   1.9510000e+03   5.1255766e-03
   1.9520000e+03   5.1229508e-03
   1.9530000e+03   5.1203277e-03
   1.9540000e+03   5.1177073e-03
   1.9550000e+03   5.1150895e-03
   1.9560000e+03   5.1124744e-03
   1.9570000e+03   5.1098620e-03
   1.9580000e+03   5.1072523e-03
   1.9590000e+03   5.1046452e-03
   1.9600000e+03   5.1020408e-03
   1.9610000e+03   5.0994391e-03
   1.9620000e+03   5.0968400e-03
   1.9630000e+03   5.0942435e-03
   1.9640000e+03   5.0916497e-03
   1.9650000e+03   5.0890585e-03
   1.9660000e+03   5.0864700e-03
   1.9670000e+03   5.0838841e-03
   1.9680000e+03   5.0813008e-03
   1.9690000e+03   5.0787202e-03
   1.9700000e+03   5.0761421e-03
   1.9710000e+03   5.0735667e-03
   1.9720000e+03   5.0709939e-03
   1.9730000e+03   5.0684237e-03
   1.9740000e+03   5.0658561e-03
   1.9750000e+03   5.0632911e-03
   1.9760000e+03   5.0607287e-03
   1.9770000e+03   5.0581689e-03
   1.9780000e+03   5.0556117e-03
   1.9790000e+03   5.0530571e-03
   1.9800000e+03   5.0505051e-03
   1.9810000e+03   5.0479556e-03
   1.9820000e+03   5.0454087e-03
   1.9830000e+03   5.0428643e-03
   1.9840000e+03   5.0403226e-03
   1.9850000e+03   5.0377834e-03
   1.9860000e+03   5.0352467e-03
   1.9870000e+03   5.0327126e-03
   1.9880000e+03   5.0301811e-03
   1.9890000e+03   5.0276521e-03
   1.9900000e+03   5.0251256e-03
   1.9910000e+03   5.0226017e-03
   1.9920000e+03   5.0200803e-03
   1.9930000e+03   5.0175615e-03
   1.9940000e+03   5.0150451e-03
   1.9950000e+03   5.0125313e-03
   1.9960000e+03   5.0100200e-03
   1.9970000e+03   5.0075113e-03
   1.9980000e+03   5.0050050e-03
   1.9990000e+03   5.0025013e-03
   2.0000000e+03   5.0000000e-03
   2.0010000e+03   4.9975012e-03
   2.0020000e+03   4.9950050e-03
   2.0030000e+03   4.9925112e-03
   2.0040000e+03   4.9900200e-03
   2.0050000e+03   4.9875312e-03
   2.0060000e+03   4.9850449e-03
   2.0070000e+03   4.9825610e-03
   2.0080000e+03   4.9800797e-03
   2.0090000e+03   4.9776008e-03
   2.0100000e+03   4.9751244e-03
   2.0110000e+03   4.9726504e-03
   2.0120000e+03   4.9701789e-03
   2.0130000e+03   4.9677099e-03
   2.0140000e+03   4.9652433e-03
   2.0150000e+03   4.9627792e-03
   2.0160000e+03   4.9603175e-03
   2.0170000e+03   4.9578582e-03
   2.0180000e+03   4.9554014e-03
   2.0190000e+03   4.9529470e-03
   2.0200000e+03   4.9504950e-03
   2.0210000e+03   4.9480455e-03
   2.0220000e+03   4.9455984e-03
   2.0230000e+03   4.9431537e-03
   2.0240000e+03   4.9407115e-03
   2.0250000e+03   4.9382716e-03
   2.0260000e+03   4.9358342e-03
   2.0270000e+03   4.9333991e-03
   2.0280000e+03   4.9309665e-03
   2.0290000e+03   4.9285362e-03
   2.0300000e+03   4.9261084e-03
   2.0310000e+03   4.9236829e-03
   2.0320000e+03   4.9212598e-03
   2.0330000e+03   4.9188392e-03
   2.0340000e+03   4.9164208e-03
   2.0350000e+03   4.9140049e-03
   2.0360000e+03   4.9115914e-03
   2.0370000e+03   4.9091802e-03
   2.0380000e+03   4.9067713e-03
   2.0390000e+03   4.9043649e-03
   2.0400000e+03   4.9019608e-03
   2.0410000e+03   4.8995590e-03
   2.0420000e+03   4.8971596e-03
   2.0430000e+03   4.8947626e-03
   2.0440000e+03   4.8923679e-03
   2.0450000e+03   4.8899756e-03
   2.0460000e+03   4.8875855e-03
   2.0470000e+03   4.8851979e-03
   2.0480000e+03   4.8828125e-03
   2.0490000e+03   4.8804295e-03
   2.0500000e+03   4.8780488e-03
   2.0510000e+03   4.8756704e-03
   2.0520000e+03   4.8732943e-03
   2.0530000e+03   4.8709206e-03
   2.0540000e+03   4.8685492e-03
   2.0550000e+03   4.8661800e-03
   2.0560000e+03   4.8638132e-03
   2.0570000e+03   4.8614487e-03
   2.0580000e+03   4.8590865e-03
   2.0590000e+03   4.8567266e-03
   2.0600000e+03   4.8543689e-03
   2.0610000e+03   4.8520136e-03
   2.0620000e+03   4.8496605e-03
   2.0630000e+03   4.8473097e-03
   2.0640000e+03   4.8449612e-03
   2.0650000e+03   4.8426150e-03
   2.0660000e+03   4.8402711e-03
   2.0670000e+03   4.8379294e-03
   2.0680000e+03   4.8355899e-03
   2.0690000e+03   4.8332528e-03
   2.0700000e+03   4.8309179e-03
   2.0710000e+03   4.8285852e-03
   2.0720000e+03   4.8262548e-03
   2.0730000e+03   4.8239267e-03
   2.0740000e+03   4.8216008e-03
   2.0750000e+03   4.8192771e-03
   2.0760000e+03   4.8169557e-03
   2.0770000e+03   4.8146365e-03
   2.0780000e+03   4.8123195e-03
   2.0790000e+03   4.8100048e-03
   2.0800000e+03   4.8076923e-03
   2.0810000e+03   4.8053820e-03
   2.0820000e+03   4.8030740e-03
   2.0830000e+03   4.8007681e-03
   2.0840000e+03   4.7984645e-03
   2.0850000e+03   4.7961631e-03
   2.0860000e+03   4.7938639e-03
   2.0870000e+03   4.7915668e-03
   2.0880000e+03   4.7892720e-03
   2.0890000e+03   4.7869794e-03
   2.0900000e+03   4.7846890e-03
   2.0910000e+03   4.7824008e-03
   2.0920000e+03   4.7801147e-03
   2.0930000e+03   4.7778309e-03
   2.0940000e+03   4.7755492e-03
   2.0950000e+03   4.7732697e-03
   2.0960000e+03   4.7709924e-03
   2.0970000e+03   4.7687172e-03
   2.0980000e+03   4.7664442e-03
   2.0990000e+03   4.7641734e-03
   2.1000000e+03   4.7619048e-03
   2.1010000e+03   4.7596383e-03
   2.1020000e+03   4.7573739e-03
   2.1030000e+03   4.7551117e-03
   2.1040000e+03   4.7528517e-03
   2.1050000e+03   4.7505938e-03
   2.1060000e+03   4.7483381e-03
   2.1070000e+03   4.7460845e-03
   2.1080000e+03   4.7438330e-03
   2.1090000e+03   4.7415837e-03
   2.1100000e+03   4.7393365e-03
   2.1110000e+03   4.7370914e-03
   2.1120000e+03   4.7348485e-03
   2.1130000e+03   4.7326077e-03
   2.1140000e+03   4.7303690e-03
   2.1150000e+03   4.7281324e-03
   2.1160000e+03   4.7258979e-03
   2.1170000e+03   4.7236656e-03
   2.1180000e+03   4.7214353e-03
   2.1190000e+03   4.7192072e-03
   2.1200000e+03   4.7169811e-03
   2.1210000e+03   4.7147572e-03
   2.1220000e+03   4.7125353e-03
   2.1230000e+03   4.7103156e-03
   2.1240000e+03   4.7080979e-03
   2.1250000e+03   4.7058824e-03
   2.1260000e+03   4.7036689e-03
   2.1270000e+03   4.7014575e-03
   2.1280000e+03   4.6992481e-03
   2.1290000e+03   4.6970409e-03
   2.1300000e+03   4.6948357e-03
   2.1310000e+03   4.6926326e-03
   2.1320000e+03   4.6904315e-03
   2.1330000e+03   4.6882325e-03
   2.1340000e+03   4.6860356e-03
   2.1350000e+03   4.6838407e-03
   2.1360000e+03   4.6816479e-03
   2.1370000e+03   4.6794572e-03
   2.1380000e+03   4.6772685e-03
   2.1390000e+03   4.6750818e-03
   2.1400000e+03   4.6728972e-03
   2.1410000e+03   4.6707146e-03
   2.1420000e+03   4.6685341e-03
   2.1430000e+03   4.6663556e-03
   2.1440000e+03   4.6641791e-03
   2.1450000e+03   4.6620047e-03
   2.1460000e+03   4.6598322e-03
   2.1470000e+03   4.6576619e-03
   2.1480000e+03   4.6554935e-03
   2.1490000e+03   4.6533271e-03
   2.1500000e+03   4.6511628e-03
   2.1510000e+03   4.6490005e-03
   2.1520000e+03   4.6468401e-03
   2.1530000e+03   4.6446818e-03
   2.1540000e+03   4.6425255e-03
   2.1550000e+03   4.6403712e-03
   2.1560000e+03   4.6382189e-03
   2.1570000e+03   4.6360686e-03
   2.1580000e+03   4.6339203e-03
   2.1590000e+03   4.6317740e-03
   2.1600000e+03   4.6296296e-03
   2.1610000e+03   4.6274873e-03
   2.1620000e+03   4.6253469e-03
   2.1630000e+03   4.6232085e-03
   2.1640000e+03   4.6210721e-03
   2.1650000e+03   4.6189376e-03
   2.1660000e+03   4.6168052e-03
   2.1670000e+03   4.6146747e-03
   2.1680000e+03   4.6125461e-03
   2.1690000e+03   4.6104195e-03
   2.1700000e+03   4.6082949e-03
   2.1710000e+03   4.6061723e-03
   2.1720000e+03   4.6040516e-03
   2.1730000e+03   4.6019328e-03
   2.1740000e+03   4.5998160e-03
   2.1750000e+03   4.5977011e-03
   2.1760000e+03   4.5955882e-03
   2.1770000e+03   4.5934773e-03
   2.1780000e+03   4.5913682e-03
   2.1790000e+03   4.5892611e-03
   2.1800000e+03   4.5871560e-03
   2.1810000e+03   4.5850527e-03
   2.1820000e+03   4.5829514e-03
   2.1830000e+03   4.5808520e-03
   2.1840000e+03   4.5787546e-03
   2.1850000e+03   4.5766590e-03
   2.1860000e+03   4.5745654e-03
   2.1870000e+03   4.5724737e-03
   2.1880000e+03   4.5703839e-03
   2.1890000e+03   4.5682960e-03
   2.1900000e+03   4.5662100e-03
   2.1910000e+03   4.5641260e-03
   2.1920000e+03   4.5620438e-03
   2.1930000e+03   4.5599635e-03
   2.1940000e+03   4.5578851e-03
   2.1950000e+03   4.5558087e-03
   2.1960000e+03   4.5537341e-03
   2.1970000e+03   4.5516614e-03
   2.1980000e+03   4.5495905e-03
   2.1990000e+03   4.5475216e-03
   2.2000000e+03   4.5454545e-03
   2.2010000e+03   4.5433894e-03
   2.2020000e+03   4.5413261e-03
   2.2030000e+03   4.5392646e-03
   2.2040000e+03   4.5372051e-03
   2.2050000e+03   4.5351474e-03
   2.2060000e+03   4.5330916e-03
   2.2070000e+03   4.5310376e-03
   2.2080000e+03   4.5289855e-03
   2.2090000e+03   4.5269353e-03
   2.2100000e+03   4.5248869e-03
   2.2110000e+03   4.5228403e-03
   2.2120000e+03   4.5207957e-03
   2.2130000e+03   4.5187528e-03
   2.2140000e+03   4.5167118e-03
   2.2150000e+03   4.5146727e-03
   2.2160000e+03   4.5126354e-03
   2.2170000e+03   4.5105999e-03
   2.2180000e+03   4.5085663e-03
   2.2190000e+03   4.5065345e-03
   2.2200000e+03   4.5045045e-03
   2.2210000e+03   4.5024764e-03
   2.2220000e+03   4.5004500e-03
   2.2230000e+03   4.4984256e-03
   2.2240000e+03   4.4964029e-03
   2.2250000e+03   4.4943820e-03
   2.2260000e+03   4.4923630e-03
   2.2270000e+03   4.4903458e-03
   2.2280000e+03   4.4883303e-03
   2.2290000e+03   4.4863167e-03
   2.2300000e+03   4.4843049e-03
   2.2310000e+03   4.4822949e-03
   2.2320000e+03   4.4802867e-03
   2.2330000e+03   4.4782803e-03
   2.2340000e+03   4.4762757e-03
   2.2350000e+03   4.4742729e-03
   2.2360000e+03   4.4722719e-03
   2.2370000e+03   4.4702727e-03
   2.2380000e+03   4.4682752e-03
   2.2390000e+03   4.4662796e-03
   2.2400000e+03   4.4642857e-03
   2.2410000e+03   4.4622936e-03
   2.2420000e+03   4.4603033e-03
   2.2430000e+03   4.4583148e-03
   2.2440000e+03   4.4563280e-03
   2.2450000e+03   4.4543430e-03
   2.2460000e+03   4.4523598e-03
   2.2470000e+03   4.4503783e-03
   2.2480000e+03   4.4483986e-03
   2.2490000e+03   4.4464206e-03
   2.2500000e+03   4.4444444e-03
   2.2510000e+03   4.4424700e-03
   2.2520000e+03   4.4404973e-03
   2.2530000e+03   4.4385264e-03
   2.2540000e+03   4.4365572e-03
   2.2550000e+03   4.4345898e-03
   2.2560000e+03   4.4326241e-03
   2.2570000e+03   4.4306602e-03
   2.2580000e+03   4.4286980e-03
   2.2590000e+03   4.4267375e-03
   2.2600000e+03   4.4247788e-03
   2.2610000e+03   4.4228218e-03
   2.2620000e+03   4.4208665e-03
   2.2630000e+03   4.4189129e-03
   2.2640000e+03   4.4169611e-03
   2.2650000e+03   4.4150110e-03
   2.2660000e+03   4.4130627e-03
   2.2670000e+03   4.4111160e-03
   2.2680000e+03   4.4091711e-03
   2.2690000e+03   4.4072279e-03
   2.2700000e+03   4.4052863e-03
   2.2710000e+03   4.4033465e-03
   2.2720000e+03   4.4014085e-03
   2.2730000e+03   4.3994721e-03
   2.2740000e+03   4.3975374e-03
   2.2750000e+03   4.3956044e-03
   2.2760000e+03   4.3936731e-03
   2.2770000e+03   4.3917435e-03
   2.2780000e+03   4.3898156e-03
   2.2790000e+03   4.3878894e-03
   2.2800000e+03   4.3859649e-03
   2.2810000e+03   4.3840421e-03
   2.2820000e+03   4.3821209e-03
   2.2830000e+03   4.3802015e-03
   2.2840000e+03   4.3782837e-03
   2.2850000e+03   4.3763676e-03
   2.2860000e+03   4.3744532e-03
   2.2870000e+03   4.3725404e-03
   2.2880000e+03   4.3706294e-03
   2.2890000e+03   4.3687200e-03
   2.2900000e+03   4.3668122e-03
   2.2910000e+03   4.3649062e-03
   2.2920000e+03   4.3630017e-03
   2.2930000e+03   4.3610990e-03
   2.2940000e+03   4.3591979e-03
   2.2950000e+03   4.3572985e-03
   2.2960000e+03   4.3554007e-03
   2.2970000e+03   4.3535046e-03
   2.2980000e+03   4.3516101e-03
   2.2990000e+03   4.3497173e-03
   2.3000000e+03   4.3478261e-03
   2.3010000e+03   4.3459365e-03
   2.3020000e+03   4.3440487e-03
   2.3030000e+03   4.3421624e-03
   2.3040000e+03   4.3402778e-03
   2.3050000e+03   4.3383948e-03
   2.3060000e+03   4.3365134e-03
   2.3070000e+03   4.3346337e-03
   2.3080000e+03   4.3327556e-03
   2.3090000e+03   4.3308792e-03
   2.3100000e+03   4.3290043e-03
   2.3110000e+03   4.3271311e-03
   2.3120000e+03   4.3252595e-03
   2.3130000e+03   4.3233895e-03
   2.3140000e+03   4.3215212e-03
   2.3150000e+03   4.3196544e-03
   2.3160000e+03   4.3177893e-03
   2.3170000e+03   4.3159258e-03
   2.3180000e+03   4.3140638e-03
   2.3190000e+03   4.3122035e-03
   2.3200000e+03   4.3103448e-03
   2.3210000e+03   4.3084877e-03
   2.3220000e+03   4.3066322e-03
   2.3230000e+03   4.3047783e-03
   2.3240000e+03   4.3029260e-03
   2.3250000e+03   4.3010753e-03
   2.3260000e+03   4.2992261e-03
   2.3270000e+03   4.2973786e-03
   2.3280000e+03   4.2955326e-03
   2.3290000e+03   4.2936883e-03
   2.3300000e+03   4.2918455e-03
   2.3310000e+03   4.2900043e-03
   2.3320000e+03   4.2881647e-03
   2.3330000e+03   4.2863266e-03
   2.3340000e+03   4.2844901e-03
   2.3350000e+03   4.2826552e-03
   2.3360000e+03   4.2808219e-03
   2.3370000e+03   4.2789902e-03
   2.3380000e+03   4.2771600e-03
   2.3390000e+03   4.2753313e-03
   2.3400000e+03   4.2735043e-03
   2.3410000e+03   4.2716788e-03
   2.3420000e+03   4.2698548e-03
   2.3430000e+03   4.2680324e-03
   2.3440000e+03   4.2662116e-03
   2.3450000e+03   4.2643923e-03
   2.3460000e+03   4.2625746e-03
   2.3470000e+03   4.2607584e-03
   2.3480000e+03   4.2589438e-03
   2.3490000e+03   4.2571307e-03
   2.3500000e+03   4.2553191e-03
   2.3510000e+03   4.2535091e-03
   2.3520000e+03   4.2517007e-03
   2.3530000e+03   4.2498938e-03
   2.3540000e+03   4.2480884e-03
   2.3550000e+03   4.2462845e-03
   2.3560000e+03   4.2444822e-03
   2.3570000e+03   4.2426814e-03
   2.3580000e+03   4.2408821e-03
   2.3590000e+03   4.2390844e-03
   2.3600000e+03   4.2372881e-03
   2.3610000e+03   4.2354934e-03
   2.3620000e+03   4.2337003e-03
   2.3630000e+03   4.2319086e-03
   2.3640000e+03   4.2301184e-03
   2.3650000e+03   4.2283298e-03
   2.3660000e+03   4.2265427e-03
   2.3670000e+03   4.2247571e-03
   2.3680000e+03   4.2229730e-03
   2.3690000e+03   4.2211904e-03
   2.3700000e+03   4.2194093e-03
   2.3710000e+03   4.2176297e-03
   2.3720000e+03   4.2158516e-03
   2.3730000e+03   4.2140750e-03
   2.3740000e+03   4.2122999e-03
   2.3750000e+03   4.2105263e-03
   2.3760000e+03   4.2087542e-03
   2.3770000e+03   4.2069836e-03
   2.3780000e+03   4.2052145e-03
   2.3790000e+03   4.2034468e-03
   2.3800000e+03   4.2016807e-03
   2.3810000e+03   4.1999160e-03
   2.3820000e+03   4.1981528e-03
   2.3830000e+03   4.1963911e-03
   2.3840000e+03   4.1946309e-03
   2.3850000e+03   4.1928721e-03
   2.3860000e+03   4.1911148e-03
   2.3870000e+03   4.1893590e-03
   2.3880000e+03   4.1876047e-03
   2.3890000e+03   4.1858518e-03
   2.3900000e+03   4.1841004e-03
   2.3910000e+03   4.1823505e-03
   2.3920000e+03   4.1806020e-03
   2.3930000e+03   4.1788550e-03
   2.3940000e+03   4.1771094e-03
   2.3950000e+03   4.1753653e-03
   2.3960000e+03   4.1736227e-03
   2.3970000e+03   4.1718815e-03
   2.3980000e+03   4.1701418e-03
   2.3990000e+03   4.1684035e-03
   2.4000000e+03   4.1666667e-03
   2.4010000e+03   4.1649313e-03
   2.4020000e+03   4.1631973e-03
   2.4030000e+03   4.1614648e-03
   2.4040000e+03   4.1597338e-03
   2.4050000e+03   4.1580042e-03
   2.4060000e+03   4.1562760e-03
   2.4070000e+03   4.1545492e-03
   2.4080000e+03   4.1528239e-03
   2.4090000e+03   4.1511000e-03
   2.4100000e+03   4.1493776e-03
   2.4110000e+03   4.1476566e-03
   2.4120000e+03   4.1459370e-03
   2.4130000e+03   4.1442188e-03
   2.4140000e+03   4.1425021e-03
   2.4150000e+03   4.1407867e-03
   2.4160000e+03   4.1390728e-03
   2.4170000e+03   4.1373604e-03
   2.4180000e+03   4.1356493e-03
   2.4190000e+03   4.1339396e-03
   2.4200000e+03   4.1322314e-03
   2.4210000e+03   4.1305246e-03
   2.4220000e+03   4.1288192e-03
   2.4230000e+03   4.1271151e-03
   2.4240000e+03   4.1254125e-03
   2.4250000e+03   4.1237113e-03
   2.4260000e+03   4.1220115e-03
   2.4270000e+03   4.1203131e-03
   2.4280000e+03   4.1186161e-03
   2.4290000e+03   4.1169205e-03
   2.4300000e+03   4.1152263e-03
   2.4310000e+03   4.1135335e-03
   2.4320000e+03   4.1118421e-03
   2.4330000e+03   4.1101521e-03
   2.4340000e+03   4.1084634e-03
   2.4350000e+03   4.1067762e-03
   2.4360000e+03   4.1050903e-03
   2.4370000e+03   4.1034058e-03
   2.4380000e+03   4.1017227e-03
   2.4390000e+03   4.1000410e-03
   2.4400000e+03   4.0983607e-03
   2.4410000e+03   4.0966817e-03
   2.4420000e+03   4.0950041e-03
   2.4430000e+03   4.0933279e-03
   2.4440000e+03   4.0916530e-03
   2.4450000e+03   4.0899796e-03
   2.4460000e+03   4.0883074e-03
   2.4470000e+03   4.0866367e-03
   2.4480000e+03   4.0849673e-03
   2.4490000e+03   4.0832993e-03
   2.4500000e+03   4.0816327e-03
   2.4510000e+03   4.0799674e-03
   2.4520000e+03   4.0783034e-03
   2.4530000e+03   4.0766408e-03
   2.4540000e+03   4.0749796e-03
   2.4550000e+03   4.0733198e-03
   2.4560000e+03   4.0716612e-03
   2.4570000e+03   4.0700041e-03
   2.4580000e+03   4.0683483e-03
   2.4590000e+03   4.0666938e-03
   2.4600000e+03   4.0650407e-03
   2.4610000e+03   4.0633889e-03
   2.4620000e+03   4.0617384e-03
   2.4630000e+03   4.0600893e-03
   2.4640000e+03   4.0584416e-03
   2.4650000e+03   4.0567951e-03
   2.4660000e+03   4.0551500e-03
   2.4670000e+03   4.0535063e-03
   2.4680000e+03   4.0518639e-03
   2.4690000e+03   4.0502228e-03
   2.4700000e+03   4.0485830e-03
   2.4710000e+03   4.0469446e-03
   2.4720000e+03   4.0453074e-03
   2.4730000e+03   4.0436717e-03
   2.4740000e+03   4.0420372e-03
   2.4750000e+03   4.0404040e-03
   2.4760000e+03   4.0387722e-03
   2.4770000e+03   4.0371417e-03
   2.4780000e+03   4.0355125e-03
   2.4790000e+03   4.0338846e-03
   2.4800000e+03   4.0322581e-03
   2.4810000e+03   4.0306328e-03
   2.4820000e+03   4.0290089e-03
   2.4830000e+03   4.0273862e-03
   2.4840000e+03   4.0257649e-03
   2.4850000e+03   4.0241449e-03
   2.4860000e+03   4.0225261e-03
   2.4870000e+03   4.0209087e-03
   2.4880000e+03   4.0192926e-03
   2.4890000e+03   4.0176778e-03
   2.4900000e+03   4.0160643e-03
   2.4910000e+03   4.0144520e-03
   2.4920000e+03   4.0128411e-03
   2.4930000e+03   4.0112314e-03
   2.4940000e+03   4.0096231e-03
   2.4950000e+03   4.0080160e-03
   2.4960000e+03   4.0064103e-03
   2.4970000e+03   4.0048058e-03
   2.4980000e+03   4.0032026e-03
   2.4990000e+03   4.0016006e-03
   2.5000000e+03   4.0000000e-03
   2.5010000e+03   3.9984006e-03
   2.5020000e+03   3.9968026e-03
   2.5030000e+03   3.9952058e-03
   2.5040000e+03   3.9936102e-03
   2.5050000e+03   3.9920160e-03
   2.5060000e+03   3.9904230e-03
   2.5070000e+03   3.9888313e-03
   2.5080000e+03   3.9872408e-03
   2.5090000e+03   3.9856517e-03
   2.5100000e+03   3.9840637e-03
   2.5110000e+03   3.9824771e-03
   2.5120000e+03   3.9808917e-03
   2.5130000e+03   3.9793076e-03
   2.5140000e+03   3.9777247e-03
   2.5150000e+03   3.9761431e-03
   2.5160000e+03   3.9745628e-03
   2.5170000e+03   3.9729837e-03
   2.5180000e+03   3.9714059e-03
   2.5190000e+03   3.9698293e-03
   2.5200000e+03   3.9682540e-03
   2.5210000e+03   3.9666799e-03
   2.5220000e+03   3.9651071e-03
   2.5230000e+03   3.9635355e-03
   2.5240000e+03   3.9619651e-03
   2.5250000e+03   3.9603960e-03
   2.5260000e+03   3.9588282e-03
   2.5270000e+03   3.9572616e-03
   2.5280000e+03   3.9556962e-03
   2.5290000e+03   3.9541321e-03
   2.5300000e+03   3.9525692e-03
   2.5310000e+03   3.9510075e-03
   2.5320000e+03   3.9494471e-03
   2.5330000e+03   3.9478879e-03
   2.5340000e+03   3.9463299e-03
   2.5350000e+03   3.9447732e-03
   2.5360000e+03   3.9432177e-03
   2.5370000e+03   3.9416634e-03
   2.5380000e+03   3.9401103e-03
   2.5390000e+03   3.9385585e-03
   2.5400000e+03   3.9370079e-03
   2.5410000e+03   3.9354585e-03
   2.5420000e+03   3.9339103e-03
   2.5430000e+03   3.9323634e-03
   2.5440000e+03   3.9308176e-03
   2.5450000e+03   3.9292731e-03
   2.5460000e+03   3.9277298e-03
   2.5470000e+03   3.9261877e-03
   2.5480000e+03   3.9246468e-03
   2.5490000e+03   3.9231071e-03
   2.5500000e+03   3.9215686e-03
   2.5510000e+03   3.9200314e-03
   2.5520000e+03   3.9184953e-03
   2.5530000e+03   3.9169604e-03
   2.5540000e+03   3.9154268e-03
   2.5550000e+03   3.9138943e-03
   2.5560000e+03   3.9123631e-03
   2.5570000e+03   3.9108330e-03
   2.5580000e+03   3.9093041e-03
   2.5590000e+03   3.9077765e-03
   2.5600000e+03   3.9062500e-03
   2.5610000e+03   3.9047247e-03
   2.5620000e+03   3.9032006e-03
   2.5630000e+03   3.9016777e-03
   2.5640000e+03   3.9001560e-03
   2.5650000e+03   3.8986355e-03
   2.5660000e+03   3.8971161e-03
   2.5670000e+03   3.8955980e-03
   2.5680000e+03   3.8940810e-03
   2.5690000e+03   3.8925652e-03
   2.5700000e+03   3.8910506e-03
   2.5710000e+03   3.8895371e-03
   2.5720000e+03   3.8880249e-03
   2.5730000e+03   3.8865138e-03
   2.5740000e+03   3.8850039e-03
   2.5750000e+03   3.8834951e-03
   2.5760000e+03   3.8819876e-03
   2.5770000e+03   3.8804812e-03
   2.5780000e+03   3.8789760e-03
   2.5790000e+03   3.8774719e-03
   2.5800000e+03   3.8759690e-03
   2.5810000e+03   3.8744673e-03
   2.5820000e+03   3.8729667e-03
   2.5830000e+03   3.8714673e-03
   2.5840000e+03   3.8699690e-03
   2.5850000e+03   3.8684720e-03
   2.5860000e+03   3.8669760e-03
   2.5870000e+03   3.8654813e-03
   2.5880000e+03   3.8639876e-03
   2.5890000e+03   3.8624952e-03
   2.5900000e+03   3.8610039e-03
   2.5910000e+03   3.8595137e-03
   2.5920000e+03   3.8580247e-03
   2.5930000e+03   3.8565368e-03
   2.5940000e+03   3.8550501e-03
   2.5950000e+03   3.8535645e-03
   2.5960000e+03   3.8520801e-03
   2.5970000e+03   3.8505968e-03
   2.5980000e+03   3.8491147e-03
   2.5990000e+03   3.8476337e-03
   2.6000000e+03   3.8461538e-03
   2.6010000e+03   3.8446751e-03
   2.6020000e+03   3.8431975e-03
   2.6030000e+03   3.8417211e-03
   2.6040000e+03   3.8402458e-03
   2.6050000e+03   3.8387716e-03
   2.6060000e+03   3.8372985e-03
   2.6070000e+03   3.8358266e-03
   2.6080000e+03   3.8343558e-03
   2.6090000e+03   3.8328862e-03
   2.6100000e+03   3.8314176e-03
   2.6110000e+03   3.8299502e-03
   2.6120000e+03   3.8284839e-03
   2.6130000e+03   3.8270188e-03
   2.6140000e+03   3.8255547e-03
   2.6150000e+03   3.8240918e-03
   2.6160000e+03   3.8226300e-03
   2.6170000e+03   3.8211693e-03
   2.6180000e+03   3.8197097e-03
   2.6190000e+03   3.8182512e-03
   2.6200000e+03   3.8167939e-03
   2.6210000e+03   3.8153377e-03
   2.6220000e+03   3.8138825e-03
   2.6230000e+03   3.8124285e-03
   2.6240000e+03   3.8109756e-03
   2.6250000e+03   3.8095238e-03
   2.6260000e+03   3.8080731e-03
   2.6270000e+03   3.8066235e-03
   2.6280000e+03   3.8051750e-03
   2.6290000e+03   3.8037277e-03
   2.6300000e+03   3.8022814e-03
   2.6310000e+03   3.8008362e-03
   2.6320000e+03   3.7993921e-03
   2.6330000e+03   3.7979491e-03
   2.6340000e+03   3.7965072e-03
   2.6350000e+03   3.7950664e-03
   2.6360000e+03   3.7936267e-03
   2.6370000e+03   3.7921881e-03
   2.6380000e+03   3.7907506e-03
   2.6390000e+03   3.7893141e-03
   2.6400000e+03   3.7878788e-03
   2.6410000e+03   3.7864445e-03
   2.6420000e+03   3.7850114e-03
   2.6430000e+03   3.7835793e-03
   2.6440000e+03   3.7821483e-03
   2.6450000e+03   3.7807183e-03
   2.6460000e+03   3.7792895e-03
   2.6470000e+03   3.7778617e-03
   2.6480000e+03   3.7764350e-03
   2.6490000e+03   3.7750094e-03
   2.6500000e+03   3.7735849e-03
   2.6510000e+03   3.7721614e-03
   2.6520000e+03   3.7707391e-03
   2.6530000e+03   3.7693178e-03
   2.6540000e+03   3.7678975e-03
   2.6550000e+03   3.7664783e-03
   2.6560000e+03   3.7650602e-03
   2.6570000e+03   3.7636432e-03
   2.6580000e+03   3.7622272e-03
   2.6590000e+03   3.7608123e-03
   2.6600000e+03   3.7593985e-03
   2.6610000e+03   3.7579857e-03
   2.6620000e+03   3.7565740e-03
   2.6630000e+03   3.7551633e-03
   2.6640000e+03   3.7537538e-03
   2.6650000e+03   3.7523452e-03
   2.6660000e+03   3.7509377e-03
   2.6670000e+03   3.7495313e-03
   2.6680000e+03   3.7481259e-03
   2.6690000e+03   3.7467216e-03
   2.6700000e+03   3.7453184e-03
   2.6710000e+03   3.7439161e-03
   2.6720000e+03   3.7425150e-03
   2.6730000e+03   3.7411149e-03
   2.6740000e+03   3.7397158e-03
   2.6750000e+03   3.7383178e-03
   2.6760000e+03   3.7369208e-03
   2.6770000e+03   3.7355248e-03
   2.6780000e+03   3.7341299e-03
   2.6790000e+03   3.7327361e-03
   2.6800000e+03   3.7313433e-03
   2.6810000e+03   3.7299515e-03
   2.6820000e+03   3.7285608e-03
   2.6830000e+03   3.7271711e-03
   2.6840000e+03   3.7257824e-03
   2.6850000e+03   3.7243948e-03
   2.6860000e+03   3.7230082e-03
   2.6870000e+03   3.7216226e-03
   2.6880000e+03   3.7202381e-03
   2.6890000e+03   3.7188546e-03
   2.6900000e+03   3.7174721e-03
   2.6910000e+03   3.7160907e-03
   2.6920000e+03   3.7147103e-03
   2.6930000e+03   3.7133309e-03
   2.6940000e+03   3.7119525e-03
   2.6950000e+03   3.7105751e-03
   2.6960000e+03   3.7091988e-03
   2.6970000e+03   3.7078235e-03
   2.6980000e+03   3.7064492e-03
   2.6990000e+03   3.7050760e-03
   2.7000000e+03   3.7037037e-03
   2.7010000e+03   3.7023325e-03
   2.7020000e+03   3.7009623e-03
   2.7030000e+03   3.6995930e-03
   2.7040000e+03   3.6982249e-03
   2.7050000e+03   3.6968577e-03
   2.7060000e+03   3.6954915e-03
   2.7070000e+03   3.6941263e-03
   2.7080000e+03   3.6927622e-03
   2.7090000e+03   3.6913990e-03
   2.7100000e+03   3.6900369e-03
   2.7110000e+03   3.6886758e-03
   2.7120000e+03   3.6873156e-03
   2.7130000e+03   3.6859565e-03
   2.7140000e+03   3.6845984e-03
   2.7150000e+03   3.6832413e-03
   2.7160000e+03   3.6818851e-03
   2.7170000e+03   3.6805300e-03
   2.7180000e+03   3.6791759e-03
   2.7190000e+03   3.6778227e-03
   2.7200000e+03   3.6764706e-03
   2.7210000e+03   3.6751194e-03
   2.7220000e+03   3.6737693e-03
   2.7230000e+03   3.6724201e-03
   2.7240000e+03   3.6710720e-03
   2.7250000e+03   3.6697248e-03
   2.7260000e+03   3.6683786e-03
   2.7270000e+03   3.6670334e-03
   2.7280000e+03   3.6656891e-03
   2.7290000e+03   3.6643459e-03
   2.7300000e+03   3.6630037e-03
   2.7310000e+03   3.6616624e-03
   2.7320000e+03   3.6603221e-03
   2.7330000e+03   3.6589828e-03
   2.7340000e+03   3.6576445e-03
   2.7350000e+03   3.6563071e-03
   2.7360000e+03   3.6549708e-03
   2.7370000e+03   3.6536354e-03
   2.7380000e+03   3.6523009e-03
   2.7390000e+03   3.6509675e-03
   2.7400000e+03   3.6496350e-03
   2.7410000e+03   3.6483035e-03
   2.7420000e+03   3.6469730e-03
   2.7430000e+03   3.6456435e-03
   2.7440000e+03   3.6443149e-03
   2.7450000e+03   3.6429872e-03
   2.7460000e+03   3.6416606e-03
   2.7470000e+03   3.6403349e-03
   2.7480000e+03   3.6390102e-03
   2.7490000e+03   3.6376864e-03
   2.7500000e+03   3.6363636e-03
   2.7510000e+03   3.6350418e-03
   2.7520000e+03   3.6337209e-03
   2.7530000e+03   3.6324010e-03
   2.7540000e+03   3.6310821e-03
   2.7550000e+03   3.6297641e-03
   2.7560000e+03   3.6284470e-03
   2.7570000e+03   3.6271309e-03
   2.7580000e+03   3.6258158e-03
   2.7590000e+03   3.6245016e-03
   2.7600000e+03   3.6231884e-03
   2.7610000e+03   3.6218761e-03
   2.7620000e+03   3.6205648e-03
   2.7630000e+03   3.6192544e-03
   2.7640000e+03   3.6179450e-03
   2.7650000e+03   3.6166365e-03
   2.7660000e+03   3.6153290e-03
   2.7670000e+03   3.6140224e-03
   2.7680000e+03   3.6127168e-03
   2.7690000e+03   3.6114121e-03
   2.7700000e+03   3.6101083e-03
   2.7710000e+03   3.6088055e-03
   2.7720000e+03   3.6075036e-03
   2.7730000e+03   3.6062027e-03
   2.7740000e+03   3.6049027e-03
   2.7750000e+03   3.6036036e-03
   2.7760000e+03   3.6023055e-03
   2.7770000e+03   3.6010083e-03
   2.7780000e+03   3.5997120e-03
   2.7790000e+03   3.5984167e-03
   2.7800000e+03   3.5971223e-03
   2.7810000e+03   3.5958288e-03
   2.7820000e+03   3.5945363e-03
   2.7830000e+03   3.5932447e-03
   2.7840000e+03   3.5919540e-03
   2.7850000e+03   3.5906643e-03
   2.7860000e+03   3.5893754e-03
   2.7870000e+03   3.5880875e-03
   2.7880000e+03   3.5868006e-03
   2.7890000e+03   3.5855145e-03
   2.7900000e+03   3.5842294e-03
   2.7910000e+03   3.5829452e-03
   2.7920000e+03   3.5816619e-03
   2.7930000e+03   3.5803795e-03
   2.7940000e+03   3.5790981e-03
   2.7950000e+03   3.5778175e-03
   2.7960000e+03   3.5765379e-03
   2.7970000e+03   3.5752592e-03
   2.7980000e+03   3.5739814e-03
   2.7990000e+03   3.5727045e-03
   2.8000000e+03   3.5714286e-03
   2.8010000e+03   3.5701535e-03
   2.8020000e+03   3.5688794e-03
   2.8030000e+03   3.5676061e-03
   2.8040000e+03   3.5663338e-03
   2.8050000e+03   3.5650624e-03
   2.8060000e+03   3.5637919e-03
   2.8070000e+03   3.5625223e-03
   2.8080000e+03   3.5612536e-03
   2.8090000e+03   3.5599858e-03
   2.8100000e+03   3.5587189e-03
   2.8110000e+03   3.5574529e-03
   2.8120000e+03   3.5561878e-03
   2.8130000e+03   3.5549236e-03
   2.8140000e+03   3.5536603e-03
   2.8150000e+03   3.5523979e-03
   2.8160000e+03   3.5511364e-03
   2.8170000e+03   3.5498758e-03
   2.8180000e+03   3.5486160e-03
   2.8190000e+03   3.5473572e-03
   2.8200000e+03   3.5460993e-03
   2.8210000e+03   3.5448423e-03
   2.8220000e+03   3.5435861e-03
   2.8230000e+03   3.5423309e-03
   2.8240000e+03   3.5410765e-03
   2.8250000e+03   3.5398230e-03
   2.8260000e+03   3.5385704e-03
   2.8270000e+03   3.5373187e-03
   2.8280000e+03   3.5360679e-03
   2.8290000e+03   3.5348180e-03
   2.8300000e+03   3.5335689e-03
   2.8310000e+03   3.5323207e-03
   2.8320000e+03   3.5310734e-03
   2.8330000e+03   3.5298270e-03
   2.8340000e+03   3.5285815e-03
   2.8350000e+03   3.5273369e-03
   2.8360000e+03   3.5260931e-03
   2.8370000e+03   3.5248502e-03
   2.8380000e+03   3.5236082e-03
   2.8390000e+03   3.5223670e-03
   2.8400000e+03   3.5211268e-03
   2.8410000e+03   3.5198874e-03
   2.8420000e+03   3.5186488e-03
   2.8430000e+03   3.5174112e-03
   2.8440000e+03   3.5161744e-03
   2.8450000e+03   3.5149385e-03
   2.8460000e+03   3.5137034e-03
   2.8470000e+03   3.5124693e-03
   2.8480000e+03   3.5112360e-03
   2.8490000e+03   3.5100035e-03
   2.8500000e+03   3.5087719e-03
   2.8510000e+03   3.5075412e-03
   2.8520000e+03   3.5063114e-03
   2.8530000e+03   3.5050824e-03
   2.8540000e+03   3.5038542e-03
   2.8550000e+03   3.5026270e-03
   2.8560000e+03   3.5014006e-03
   2.8570000e+03   3.5001750e-03
   2.8580000e+03   3.4989503e-03
   2.8590000e+03   3.4977265e-03
   2.8600000e+03   3.4965035e-03
   2.8610000e+03   3.4952814e-03
   2.8620000e+03   3.4940601e-03
   2.8630000e+03   3.4928397e-03
   2.8640000e+03   3.4916201e-03
   2.8650000e+03   3.4904014e-03
   2.8660000e+03   3.4891835e-03
   2.8670000e+03   3.4879665e-03
   2.8680000e+03   3.4867503e-03
   2.8690000e+03   3.4855350e-03
   2.8700000e+03   3.4843206e-03
   2.8710000e+03   3.4831069e-03
   2.8720000e+03   3.4818942e-03
   2.8730000e+03   3.4806822e-03
   2.8740000e+03   3.4794711e-03
   2.8750000e+03   3.4782609e-03
   2.8760000e+03   3.4770515e-03
   2.8770000e+03   3.4758429e-03
   2.8780000e+03   3.4746352e-03
   2.8790000e+03   3.4734283e-03
   2.8800000e+03   3.4722222e-03
   2.8810000e+03   3.4710170e-03
   2.8820000e+03   3.4698126e-03
   2.8830000e+03   3.4686091e-03
   2.8840000e+03   3.4674064e-03
   2.8850000e+03   3.4662045e-03
   2.8860000e+03   3.4650035e-03
   2.8870000e+03   3.4638033e-03
   2.8880000e+03   3.4626039e-03
   2.8890000e+03   3.4614053e-03
   2.8900000e+03   3.4602076e-03
   2.8910000e+03   3.4590107e-03
   2.8920000e+03   3.4578147e-03
   2.8930000e+03   3.4566194e-03
   2.8940000e+03   3.4554250e-03
   2.8950000e+03   3.4542314e-03
   2.8960000e+03   3.4530387e-03
   2.8970000e+03   3.4518467e-03
   2.8980000e+03   3.4506556e-03
   2.8990000e+03   3.4494653e-03
   2.9000000e+03   3.4482759e-03
   2.9010000e+03   3.4470872e-03
   2.9020000e+03   3.4458994e-03
   2.9030000e+03   3.4447124e-03
   2.9040000e+03   3.4435262e-03
   2.9050000e+03   3.4423408e-03
   2.9060000e+03   3.4411562e-03
   2.9070000e+03   3.4399725e-03
   2.9080000e+03   3.4387895e-03
   2.9090000e+03   3.4376074e-03
   2.9100000e+03   3.4364261e-03
   2.9110000e+03   3.4352456e-03
   2.9120000e+03   3.4340659e-03
   2.9130000e+03   3.4328871e-03
   2.9140000e+03   3.4317090e-03
   2.9150000e+03   3.4305317e-03
   2.9160000e+03   3.4293553e-03
   2.9170000e+03   3.4281796e-03
   2.9180000e+03   3.4270048e-03
   2.9190000e+03   3.4258308e-03
   2.9200000e+03   3.4246575e-03
   2.9210000e+03   3.4234851e-03
   2.9220000e+03   3.4223135e-03
   2.9230000e+03   3.4211427e-03
   2.9240000e+03   3.4199726e-03
   2.9250000e+03   3.4188034e-03
   2.9260000e+03   3.4176350e-03
   2.9270000e+03   3.4164674e-03
   2.9280000e+03   3.4153005e-03
   2.9290000e+03   3.4141345e-03
   2.9300000e+03   3.4129693e-03
   2.9310000e+03   3.4118048e-03
   2.9320000e+03   3.4106412e-03
   2.9330000e+03   3.4094783e-03
   2.9340000e+03   3.4083163e-03
   2.9350000e+03   3.4071550e-03
   2.9360000e+03   3.4059946e-03
   2.9370000e+03   3.4048349e-03
   2.9380000e+03   3.4036760e-03
   2.9390000e+03   3.4025179e-03
   2.9400000e+03   3.4013605e-03
   2.9410000e+03   3.4002040e-03
   2.9420000e+03   3.3990483e-03
   2.9430000e+03   3.3978933e-03
   2.9440000e+03   3.3967391e-03
   2.9450000e+03   3.3955857e-03
   2.9460000e+03   3.3944331e-03
   2.9470000e+03   3.3932813e-03
   2.9480000e+03   3.3921303e-03
   2.9490000e+03   3.3909800e-03
   2.9500000e+03   3.3898305e-03
   2.9510000e+03   3.3886818e-03
   2.9520000e+03   3.3875339e-03
   2.9530000e+03   3.3863867e-03
   2.9540000e+03   3.3852404e-03
   2.9550000e+03   3.3840948e-03
   2.9560000e+03   3.3829499e-03
   2.9570000e+03   3.3818059e-03
   2.9580000e+03   3.3806626e-03
   2.9590000e+03   3.3795201e-03
   2.9600000e+03   3.3783784e-03
   2.9610000e+03   3.3772374e-03
   2.9620000e+03   3.3760972e-03
   2.9630000e+03   3.3749578e-03
   2.9640000e+03   3.3738192e-03
   2.9650000e+03   3.3726813e-03
   2.9660000e+03   3.3715442e-03
   2.9670000e+03   3.3704078e-03
   2.9680000e+03   3.3692722e-03
   2.9690000e+03   3.3681374e-03
   2.9700000e+03   3.3670034e-03
   2.9710000e+03   3.3658701e-03
   2.9720000e+03   3.3647376e-03
   2.9730000e+03   3.3636058e-03
   2.9740000e+03   3.3624748e-03
   2.9750000e+03   3.3613445e-03
   2.9760000e+03   3.3602151e-03
   2.9770000e+03   3.3590863e-03
   2.9780000e+03   3.3579584e-03
   2.9790000e+03   3.3568312e-03
   2.9800000e+03   3.3557047e-03
   2.9810000e+03   3.3545790e-03
   2.9820000e+03   3.3534541e-03
   2.9830000e+03   3.3523299e-03
   2.9840000e+03   3.3512064e-03
   2.9850000e+03   3.3500838e-03
   2.9860000e+03   3.3489618e-03
   2.9870000e+03   3.3478406e-03
   2.9880000e+03   3.3467202e-03
   2.9890000e+03   3.3456005e-03
   2.9900000e+03   3.3444816e-03
   2.9910000e+03   3.3433634e-03
   2.9920000e+03   3.3422460e-03
   2.9930000e+03   3.3411293e-03
   2.9940000e+03   3.3400134e-03
   2.9950000e+03   3.3388982e-03
   2.9960000e+03   3.3377837e-03
   2.9970000e+03   3.3366700e-03
   2.9980000e+03   3.3355570e-03
   2.9990000e+03   3.3344448e-03
   3.0000000e+03   3.3333333e-03
;