   1.0000000e+00  -3.4883760e+01  -2.2755600e+01  -4.4051280e+01  -3.2445827e+01
   2.0000000e+00  -1.6570320e+01  -1.0877686e+01  -2.0724760e+01  -1.5498161e+01
   3.0000000e+00  -1.0375899e+01  -6.9117735e+00  -1.2922320e+01  -9.8428460e+00
   4.0000000e+00  -7.3490641e+00  -4.9554836e+00  -8.9437386e+00  -7.0492415e+00
   5.0000000e+00  -5.5330508e+00  -3.7873745e+00  -6.5783749e+00  -5.3433571e+00
   6.0000000e+00  -4.2963566e+00  -3.0052911e+00  -5.0278731e+00  -4.2278404e+00
   7.0000000e+00  -3.4441858e+00  -2.4399654e+00  -3.8961229e+00  -3.4184372e+00
   8.0000000e+00  -2.8042142e+00  -2.0363535e+00  -3.0605725e+00  -2.8187140e+00
   9.0000000e+00  -2.2958417e+00  -1.7185355e+00  -2.4340814e+00  -2.3667767e+00
   1.0000000e+01  -1.8934990e+00  -1.4634580e+00  -1.9173724e+00  -2.0057438e+00
   1.1000000e+01  -1.5778567e+00  -1.2559759e+00  -1.4886879e+00  -1.6785733e+00
   1.2000000e+01  -1.3015269e+00  -1.0808656e+00  -1.1266564e+00  -1.4343544e+00
   1.3000000e+01  -1.0560934e+00  -9.2984454e-01  -8.3474796e-01  -1.2192196e+00
   1.4000000e+01  -8.5964612e-01  -7.9993840e-01  -5.7618282e-01  -1.0446013e+00
   1.5000000e+01  -6.8630382e-01  -6.9893729e-01  -3.5882283e-01  -8.9855902e-01
   1.6000000e+01  -5.2044026e-01  -5.9994521e-01  -1.7615671e-01  -7.6671123e-01
   1.7000000e+01  -3.9688052e-01  -5.2530047e-01  -2.2605784e-02  -6.5658597e-01
   1.8000000e+01  -2.7149689e-01  -4.5838943e-01   1.0934406e-01  -5.6093933e-01
   1.9000000e+01  -1.6652344e-01  -3.9530323e-01   2.2807834e-01  -4.8262039e-01
   2.0000000e+01  -7.2313908e-02  -3.3576037e-01   3.3870633e-01  -4.1037547e-01
   2.1000000e+01   4.1754418e-03  -2.8095278e-01   4.2785545e-01  -3.4962491e-01
   2.2000000e+01   8.4128801e-02  -2.3793183e-01   5.2420705e-01  -2.8538393e-01
   2.3000000e+01   1.5491934e-01  -1.9281742e-01   6.0278522e-01  -2.3684456e-01
   2.4000000e+01   2.1280876e-01  -1.6187589e-01   6.6521388e-01  -1.8056783e-01
   2.5000000e+01   2.7000360e-01  -1.2880306e-01   7.2382872e-01  -1.3346755e-01
   2.6000000e+01   3.1304446e-01  -9.6625354e-02   7.8905417e-01  -8.8548411e-02
   2.7000000e+01   3.6148916e-01  -6.6577398e-02   8.4862400e-01  -5.0189964e-02
   2.8000000e+01   4.0851771e-01  -3.8258223e-02   8.8715052e-01  -1.3247235e-02
   2.9000000e+01   4.4949839e-01  -1.5333434e-02   9.2073387e-01   1.3350161e-02
   3.0000000e+01   4.8412919e-01   7.4375726e-03   9.5458972e-01   4.5917145e-02
   3.1000000e+01   5.2001255e-01   2.8090353e-02   9.8035940e-01   7.2346687e-02
   3.2000000e+01   5.4542351e-01   4.4668410e-02   9.9835124e-01   9.9176244e-02
   3.3000000e+01   5.7200539e-01   5.8110225e-02   1.0214774e+00   1.1642847e-01
   3.4000000e+01   5.9380383e-01   7.0788296e-02   1.0323141e+00   1.3521215e-01
   3.5000000e+01   6.1528652e-01   8.2849944e-02   1.0445884e+00   1.6368427e-01
   3.6000000e+01   6.3766256e-01   9.5612172e-02   1.0604035e+00   1.7925670e-01
   3.7000000e+01   6.5429735e-01   1.0700222e-01   1.0718806e+00   1.9390502e-01
   3.8000000e+01   6.6918629e-01   1.1974623e-01   1.0835162e+00   2.1360864e-01
   3.9000000e+01   6.8734387e-01   1.3029791e-01   1.0977006e+00   2.2477643e-01
   4.0000000e+01   7.0082770e-01   1.3825554e-01   1.1081139e+00   2.4210370e-01
   4.1000000e+01   7.1284376e-01   1.4758662e-01   1.1133068e+00   2.5487877e-01
   4.2000000e+01   7.1908354e-01   1.5543054e-01   1.1123615e+00   2.6573338e-01
   4.3000000e+01   7.2864226e-01   1.6200628e-01   1.1068260e+00   2.7412784e-01
   4.4000000e+01   7.3444042e-01   1.6966490e-01   1.0994652e+00   2.8099439e-01
   4.5000000e+01   7.3942717e-01   1.7743409e-01   1.0964655e+00   2.8523130e-01
   4.6000000e+01   7.4434080e-01   1.8006864e-01   1.0969983e+00   2.9047562e-01
   4.7000000e+01   7.4722574e-01   1.8349042e-01   1.0962019e+00   2.9576814e-01
   4.8000000e+01   7.5721488e-01   1.8789968e-01   1.0893283e+00   2.9827176e-01
   4.9000000e+01   7.6029371e-01   1.9366595e-01   1.0822047e+00   3.0338839e-01
   5.0000000e+01   7.5837733e-01   1.9891867e-01   1.0728880e+00   3.1006113e-01
   5.1000000e+01   7.6014345e-01   2.0348818e-01   1.0688756e+00   3.1410302e-01
   5.2000000e+01   7.5938965e-01   2.0954433e-01   1.0590802e+00   3.1566072e-01
   5.3000000e+01   7.6125179e-01   2.1542199e-01   1.0505267e+00   3.1927672e-01
   5.4000000e+01   7.5988211e-01   2.1658306e-01   1.0374895e+00   3.2316891e-01
   5.5000000e+01   7.6094018e-01   2.2047605e-01   1.0294680e+00   3.2742919e-01
   5.6000000e+01   7.6119403e-01   2.2147719e-01   1.0119366e+00   3.2596451e-01
   5.7000000e+01   7.5526091e-01   2.2462102e-01   9.9475020e-01   3.2813653e-01
   5.8000000e+01   7.5183283e-01   2.2366836e-01   9.7774884e-01   3.2589038e-01
   5.9000000e+01   7.4904326e-01   2.2413269e-01   9.5538436e-01   3.2619302e-01
   6.0000000e+01   7.4144523e-01   2.2668112e-01   9.3641487e-01   3.2498567e-01
   6.1000000e+01   7.3924580e-01   2.2827130e-01   9.2460431e-01   3.2517270e-01
   6.2000000e+01   7.3775879e-01   2.2989682e-01   9.1556092e-01   3.2542128e-01
   6.3000000e+01   7.3494194e-01   2.3267415e-01   9.0398050e-01   3.2836106e-01
   6.4000000e+01   7.2985934e-01   2.3356792e-01   8.9560572e-01   3.2712939e-01
   6.5000000e+01   7.2730029e-01   2.3512282e-01   8.8350308e-01   3.2938808e-01
   6.6000000e+01   7.2145646e-01   2.3743107e-01   8.7442557e-01   3.2759929e-01
   6.7000000e+01   7.1449475e-01   2.3849487e-01   8.6031789e-01   3.2709525e-01
   6.8000000e+01   7.0338809e-01   2.3652369e-01   8.4107794e-01   3.2623645e-01
   6.9000000e+01   6.9433144e-01   2.3610085e-01   8.1818045e-01   3.2657389e-01
   7.0000000e+01   6.8415052e-01   2.3389454e-01   8.0248724e-01   3.2189306e-01
   7.1000000e+01   6.7466077e-01   2.3173719e-01   7.8616905e-01   3.2096513e-01
   7.2000000e+01   6.6152288e-01   2.3025347e-01   7.7125880e-01   3.1747714e-01
   7.3000000e+01   6.5229073e-01   2.2988546e-01   7.6104414e-01   3.1459958e-01
   7.4000000e+01   6.4546934e-01   2.3002285e-01   7.5088035e-01   3.1413689e-01
   7.5000000e+01   6.4230273e-01   2.3040297e-01   7.4426736e-01   3.1419423e-01
   7.6000000e+01   6.3405121e-01   2.3205407e-01   7.3110387e-01   3.1523060e-01
   7.7000000e+01   6.2526550e-01   2.3468001e-01   7.2252706e-01   3.1559530e-01
   7.8000000e+01   6.2033682e-01   2.3489424e-01   7.1003085e-01   3.1554461e-01
   7.9000000e+01   6.1062849e-01   2.3415238e-01   6.9800226e-01   3.1471156e-01
   8.0000000e+01   5.9786311e-01   2.3184786e-01   6.8289602e-01   3.1205474e-01
   8.1000000e+01   5.8538433e-01   2.3078364e-01   6.6572681e-01   3.0853895e-01
