 param dt:=   1.0000000e+00   1.0000000e+01
   2.0000000e+00   5.0000000e+00
   3.0000000e+00   3.3333333e+00
   4.0000000e+00   2.5000000e+00
   5.0000000e+00   2.0000000e+00
   6.0000000e+00   1.6666667e+00
   7.0000000e+00   1.4285714e+00
   8.0000000e+00   1.2500000e+00
   9.0000000e+00   1.1111111e+00
   1.0000000e+01   1.0000000e+00
   1.1000000e+01   9.0909091e-01
   1.2000000e+01   8.3333333e-01
   1.3000000e+01   7.6923077e-01
   1.4000000e+01   7.1428571e-01
   1.5000000e+01   6.6666667e-01
   1.6000000e+01   6.2500000e-01
   1.7000000e+01   5.8823529e-01
   1.8000000e+01   5.5555556e-01
   1.9000000e+01   5.2631579e-01
   2.0000000e+01   5.0000000e-01
   2.1000000e+01   4.7619048e-01
   2.2000000e+01   4.5454545e-01
   2.3000000e+01   4.3478261e-01
   2.4000000e+01   4.1666667e-01
   2.5000000e+01   4.0000000e-01
   2.6000000e+01   3.8461538e-01
   2.7000000e+01   3.7037037e-01
   2.8000000e+01   3.5714286e-01
   2.9000000e+01   3.4482759e-01
   3.0000000e+01   3.3333333e-01
   3.1000000e+01   3.2258065e-01
   3.2000000e+01   3.1250000e-01
   3.3000000e+01   3.0303030e-01
   3.4000000e+01   2.9411765e-01
   3.5000000e+01   2.8571429e-01
   3.6000000e+01   2.7777778e-01
   3.7000000e+01   2.7027027e-01
   3.8000000e+01   2.6315789e-01
   3.9000000e+01   2.5641026e-01
   4.0000000e+01   2.5000000e-01
   4.1000000e+01   2.4390244e-01
   4.2000000e+01   2.3809524e-01
   4.3000000e+01   2.3255814e-01
   4.4000000e+01   2.2727273e-01
   4.5000000e+01   2.2222222e-01
   4.6000000e+01   2.1739130e-01
   4.7000000e+01   2.1276596e-01
   4.8000000e+01   2.0833333e-01
   4.9000000e+01   2.0408163e-01
   5.0000000e+01   2.0000000e-01
   5.1000000e+01   1.9607843e-01
   5.2000000e+01   1.9230769e-01
   5.3000000e+01   1.8867925e-01
   5.4000000e+01   1.8518519e-01
   5.5000000e+01   1.8181818e-01
   5.6000000e+01   1.7857143e-01
   5.7000000e+01   1.7543860e-01
   5.8000000e+01   1.7241379e-01
   5.9000000e+01   1.6949153e-01
   6.0000000e+01   1.6666667e-01
   6.1000000e+01   1.6393443e-01
   6.2000000e+01   1.6129032e-01
   6.3000000e+01   1.5873016e-01
   6.4000000e+01   1.5625000e-01
   6.5000000e+01   1.5384615e-01
   6.6000000e+01   1.5151515e-01
   6.7000000e+01   1.4925373e-01
   6.8000000e+01   1.4705882e-01
   6.9000000e+01   1.4492754e-01
   7.0000000e+01   1.4285714e-01
   7.1000000e+01   1.4084507e-01
   7.2000000e+01   1.3888889e-01
   7.3000000e+01   1.3698630e-01
   7.4000000e+01   1.3513514e-01
   7.5000000e+01   1.3333333e-01
   7.6000000e+01   1.3157895e-01
   7.7000000e+01   1.2987013e-01
   7.8000000e+01   1.2820513e-01
   7.9000000e+01   1.2658228e-01
   8.0000000e+01   1.2500000e-01
   8.1000000e+01   1.2345679e-01
   8.2000000e+01   1.2195122e-01
   8.3000000e+01   1.2048193e-01
   8.4000000e+01   1.1904762e-01
   8.5000000e+01   1.1764706e-01
   8.6000000e+01   1.1627907e-01
   8.7000000e+01   1.1494253e-01
   8.8000000e+01   1.1363636e-01
   8.9000000e+01   1.1235955e-01
   9.0000000e+01   1.1111111e-01
   9.1000000e+01   1.0989011e-01
   9.2000000e+01   1.0869565e-01
   9.3000000e+01   1.0752688e-01
   9.4000000e+01   1.0638298e-01
   9.5000000e+01   1.0526316e-01
   9.6000000e+01   1.0416667e-01
   9.7000000e+01   1.0309278e-01
   9.8000000e+01   1.0204082e-01
   9.9000000e+01   1.0101010e-01
   1.0000000e+02   1.0000000e-01
   1.0100000e+02   9.9009901e-02
   1.0200000e+02   9.8039216e-02
   1.0300000e+02   9.7087379e-02
   1.0400000e+02   9.6153846e-02
   1.0500000e+02   9.5238095e-02
   1.0600000e+02   9.4339623e-02
   1.0700000e+02   9.3457944e-02
   1.0800000e+02   9.2592593e-02
   1.0900000e+02   9.1743119e-02
   1.1000000e+02   9.0909091e-02
   1.1100000e+02   9.0090090e-02
   1.1200000e+02   8.9285714e-02
   1.1300000e+02   8.8495575e-02
   1.1400000e+02   8.7719298e-02
   1.1500000e+02   8.6956522e-02
   1.1600000e+02   8.6206897e-02
   1.1700000e+02   8.5470085e-02
   1.1800000e+02   8.4745763e-02
   1.1900000e+02   8.4033613e-02
   1.2000000e+02   8.3333333e-02
   1.2100000e+02   8.2644628e-02
   1.2200000e+02   8.1967213e-02
   1.2300000e+02   8.1300813e-02
   1.2400000e+02   8.0645161e-02
   1.2500000e+02   8.0000000e-02
   1.2600000e+02   7.9365079e-02
   1.2700000e+02   7.8740157e-02
   1.2800000e+02   7.8125000e-02
   1.2900000e+02   7.7519380e-02
   1.3000000e+02   7.6923077e-02
   1.3100000e+02   7.6335878e-02
   1.3200000e+02   7.5757576e-02
   1.3300000e+02   7.5187970e-02
   1.3400000e+02   7.4626866e-02
   1.3500000e+02   7.4074074e-02
   1.3600000e+02   7.3529412e-02
   1.3700000e+02   7.2992701e-02
   1.3800000e+02   7.2463768e-02
   1.3900000e+02   7.1942446e-02
   1.4000000e+02   7.1428571e-02
   1.4100000e+02   7.0921986e-02
   1.4200000e+02   7.0422535e-02
   1.4300000e+02   6.9930070e-02
   1.4400000e+02   6.9444444e-02
   1.4500000e+02   6.8965517e-02
   1.4600000e+02   6.8493151e-02
   1.4700000e+02   6.8027211e-02
   1.4800000e+02   6.7567568e-02
   1.4900000e+02   6.7114094e-02
   1.5000000e+02   6.6666667e-02
   1.5100000e+02   6.6225166e-02
   1.5200000e+02   6.5789474e-02
   1.5300000e+02   6.5359477e-02
   1.5400000e+02   6.4935065e-02
   1.5500000e+02   6.4516129e-02
   1.5600000e+02   6.4102564e-02
   1.5700000e+02   6.3694268e-02
   1.5800000e+02   6.3291139e-02
   1.5900000e+02   6.2893082e-02
   1.6000000e+02   6.2500000e-02
   1.6100000e+02   6.2111801e-02
   1.6200000e+02   6.1728395e-02
   1.6300000e+02   6.1349693e-02
   1.6400000e+02   6.0975610e-02
   1.6500000e+02   6.0606061e-02
   1.6600000e+02   6.0240964e-02
   1.6700000e+02   5.9880240e-02
   1.6800000e+02   5.9523810e-02
   1.6900000e+02   5.9171598e-02
   1.7000000e+02   5.8823529e-02
   1.7100000e+02   5.8479532e-02
   1.7200000e+02   5.8139535e-02
   1.7300000e+02   5.7803468e-02
   1.7400000e+02   5.7471264e-02
   1.7500000e+02   5.7142857e-02
   1.7600000e+02   5.6818182e-02
   1.7700000e+02   5.6497175e-02
   1.7800000e+02   5.6179775e-02
   1.7900000e+02   5.5865922e-02
   1.8000000e+02   5.5555556e-02
   1.8100000e+02   5.5248619e-02
   1.8200000e+02   5.4945055e-02
   1.8300000e+02   5.4644809e-02
   1.8400000e+02   5.4347826e-02
   1.8500000e+02   5.4054054e-02
   1.8600000e+02   5.3763441e-02
   1.8700000e+02   5.3475936e-02
   1.8800000e+02   5.3191489e-02
   1.8900000e+02   5.2910053e-02
   1.9000000e+02   5.2631579e-02
   1.9100000e+02   5.2356021e-02
   1.9200000e+02   5.2083333e-02
   1.9300000e+02   5.1813472e-02
   1.9400000e+02   5.1546392e-02
   1.9500000e+02   5.1282051e-02
   1.9600000e+02   5.1020408e-02
   1.9700000e+02   5.0761421e-02
   1.9800000e+02   5.0505051e-02
   1.9900000e+02   5.0251256e-02
   2.0000000e+02   5.0000000e-02
   2.0100000e+02   4.9751244e-02
   2.0200000e+02   4.9504950e-02
   2.0300000e+02   4.9261084e-02
   2.0400000e+02   4.9019608e-02
   2.0500000e+02   4.8780488e-02
   2.0600000e+02   4.8543689e-02
   2.0700000e+02   4.8309179e-02
   2.0800000e+02   4.8076923e-02
   2.0900000e+02   4.7846890e-02
   2.1000000e+02   4.7619048e-02
   2.1100000e+02   4.7393365e-02
   2.1200000e+02   4.7169811e-02
   2.1300000e+02   4.6948357e-02
   2.1400000e+02   4.6728972e-02
   2.1500000e+02   4.6511628e-02
   2.1600000e+02   4.6296296e-02
   2.1700000e+02   4.6082949e-02
   2.1800000e+02   4.5871560e-02
   2.1900000e+02   4.5662100e-02
   2.2000000e+02   4.5454545e-02
   2.2100000e+02   4.5248869e-02
   2.2200000e+02   4.5045045e-02
   2.2300000e+02   4.4843049e-02
   2.2400000e+02   4.4642857e-02
   2.2500000e+02   4.4444444e-02
   2.2600000e+02   4.4247788e-02
   2.2700000e+02   4.4052863e-02
   2.2800000e+02   4.3859649e-02
   2.2900000e+02   4.3668122e-02
   2.3000000e+02   4.3478261e-02
   2.3100000e+02   4.3290043e-02
   2.3200000e+02   4.3103448e-02
   2.3300000e+02   4.2918455e-02
   2.3400000e+02   4.2735043e-02
   2.3500000e+02   4.2553191e-02
   2.3600000e+02   4.2372881e-02
   2.3700000e+02   4.2194093e-02
   2.3800000e+02   4.2016807e-02
   2.3900000e+02   4.1841004e-02
   2.4000000e+02   4.1666667e-02
   2.4100000e+02   4.1493776e-02
   2.4200000e+02   4.1322314e-02
   2.4300000e+02   4.1152263e-02
   2.4400000e+02   4.0983607e-02
   2.4500000e+02   4.0816327e-02
   2.4600000e+02   4.0650407e-02
   2.4700000e+02   4.0485830e-02
   2.4800000e+02   4.0322581e-02
   2.4900000e+02   4.0160643e-02
   2.5000000e+02   4.0000000e-02
   2.5100000e+02   3.9840637e-02
   2.5200000e+02   3.9682540e-02
   2.5300000e+02   3.9525692e-02
   2.5400000e+02   3.9370079e-02
   2.5500000e+02   3.9215686e-02
   2.5600000e+02   3.9062500e-02
   2.5700000e+02   3.8910506e-02
   2.5800000e+02   3.8759690e-02
   2.5900000e+02   3.8610039e-02
   2.6000000e+02   3.8461538e-02
   2.6100000e+02   3.8314176e-02
   2.6200000e+02   3.8167939e-02
   2.6300000e+02   3.8022814e-02
   2.6400000e+02   3.7878788e-02
   2.6500000e+02   3.7735849e-02
   2.6600000e+02   3.7593985e-02
   2.6700000e+02   3.7453184e-02
   2.6800000e+02   3.7313433e-02
   2.6900000e+02   3.7174721e-02
   2.7000000e+02   3.7037037e-02
   2.7100000e+02   3.6900369e-02
   2.7200000e+02   3.6764706e-02
   2.7300000e+02   3.6630037e-02
   2.7400000e+02   3.6496350e-02
   2.7500000e+02   3.6363636e-02
   2.7600000e+02   3.6231884e-02
   2.7700000e+02   3.6101083e-02
   2.7800000e+02   3.5971223e-02
   2.7900000e+02   3.5842294e-02
   2.8000000e+02   3.5714286e-02
   2.8100000e+02   3.5587189e-02
   2.8200000e+02   3.5460993e-02
   2.8300000e+02   3.5335689e-02
   2.8400000e+02   3.5211268e-02
   2.8500000e+02   3.5087719e-02
   2.8600000e+02   3.4965035e-02
   2.8700000e+02   3.4843206e-02
   2.8800000e+02   3.4722222e-02
   2.8900000e+02   3.4602076e-02
   2.9000000e+02   3.4482759e-02
   2.9100000e+02   3.4364261e-02
   2.9200000e+02   3.4246575e-02
   2.9300000e+02   3.4129693e-02
   2.9400000e+02   3.4013605e-02
   2.9500000e+02   3.3898305e-02
   2.9600000e+02   3.3783784e-02
   2.9700000e+02   3.3670034e-02
   2.9800000e+02   3.3557047e-02
   2.9900000e+02   3.3444816e-02
   3.0000000e+02   3.3333333e-02
   3.0100000e+02   3.3222591e-02
   3.0200000e+02   3.3112583e-02
   3.0300000e+02   3.3003300e-02
   3.0400000e+02   3.2894737e-02
   3.0500000e+02   3.2786885e-02
   3.0600000e+02   3.2679739e-02
   3.0700000e+02   3.2573290e-02
   3.0800000e+02   3.2467532e-02
   3.0900000e+02   3.2362460e-02
   3.1000000e+02   3.2258065e-02
   3.1100000e+02   3.2154341e-02
   3.1200000e+02   3.2051282e-02
   3.1300000e+02   3.1948882e-02
   3.1400000e+02   3.1847134e-02
   3.1500000e+02   3.1746032e-02
   3.1600000e+02   3.1645570e-02
   3.1700000e+02   3.1545741e-02
   3.1800000e+02   3.1446541e-02
   3.1900000e+02   3.1347962e-02
   3.2000000e+02   3.1250000e-02
   3.2100000e+02   3.1152648e-02
   3.2200000e+02   3.1055901e-02
   3.2300000e+02   3.0959752e-02
   3.2400000e+02   3.0864198e-02
   3.2500000e+02   3.0769231e-02
   3.2600000e+02   3.0674847e-02
   3.2700000e+02   3.0581040e-02
   3.2800000e+02   3.0487805e-02
   3.2900000e+02   3.0395137e-02
   3.3000000e+02   3.0303030e-02
   3.3100000e+02   3.0211480e-02
   3.3200000e+02   3.0120482e-02
   3.3300000e+02   3.0030030e-02
   3.3400000e+02   2.9940120e-02
   3.3500000e+02   2.9850746e-02
   3.3600000e+02   2.9761905e-02
   3.3700000e+02   2.9673591e-02
   3.3800000e+02   2.9585799e-02
   3.3900000e+02   2.9498525e-02
   3.4000000e+02   2.9411765e-02
   3.4100000e+02   2.9325513e-02
   3.4200000e+02   2.9239766e-02
   3.4300000e+02   2.9154519e-02
   3.4400000e+02   2.9069767e-02
   3.4500000e+02   2.8985507e-02
   3.4600000e+02   2.8901734e-02
   3.4700000e+02   2.8818444e-02
   3.4800000e+02   2.8735632e-02
   3.4900000e+02   2.8653295e-02
   3.5000000e+02   2.8571429e-02
   3.5100000e+02   2.8490028e-02
   3.5200000e+02   2.8409091e-02
   3.5300000e+02   2.8328612e-02
   3.5400000e+02   2.8248588e-02
   3.5500000e+02   2.8169014e-02
   3.5600000e+02   2.8089888e-02
   3.5700000e+02   2.8011204e-02
   3.5800000e+02   2.7932961e-02
   3.5900000e+02   2.7855153e-02
   3.6000000e+02   2.7777778e-02
   3.6100000e+02   2.7700831e-02
   3.6200000e+02   2.7624309e-02
   3.6300000e+02   2.7548209e-02
   3.6400000e+02   2.7472527e-02
   3.6500000e+02   2.7397260e-02
   3.6600000e+02   2.7322404e-02
   3.6700000e+02   2.7247956e-02
   3.6800000e+02   2.7173913e-02
   3.6900000e+02   2.7100271e-02
   3.7000000e+02   2.7027027e-02
   3.7100000e+02   2.6954178e-02
   3.7200000e+02   2.6881720e-02
   3.7300000e+02   2.6809651e-02
   3.7400000e+02   2.6737968e-02
   3.7500000e+02   2.6666667e-02
   3.7600000e+02   2.6595745e-02
   3.7700000e+02   2.6525199e-02
   3.7800000e+02   2.6455026e-02
   3.7900000e+02   2.6385224e-02
   3.8000000e+02   2.6315789e-02
   3.8100000e+02   2.6246719e-02
   3.8200000e+02   2.6178010e-02
   3.8300000e+02   2.6109661e-02
   3.8400000e+02   2.6041667e-02
   3.8500000e+02   2.5974026e-02
   3.8600000e+02   2.5906736e-02
   3.8700000e+02   2.5839793e-02
   3.8800000e+02   2.5773196e-02
   3.8900000e+02   2.5706941e-02
   3.9000000e+02   2.5641026e-02
   3.9100000e+02   2.5575448e-02
   3.9200000e+02   2.5510204e-02
   3.9300000e+02   2.5445293e-02
   3.9400000e+02   2.5380711e-02
   3.9500000e+02   2.5316456e-02
   3.9600000e+02   2.5252525e-02
   3.9700000e+02   2.5188917e-02
   3.9800000e+02   2.5125628e-02
   3.9900000e+02   2.5062657e-02
   4.0000000e+02   2.5000000e-02
   4.0100000e+02   2.4937656e-02
   4.0200000e+02   2.4875622e-02
   4.0300000e+02   2.4813896e-02
   4.0400000e+02   2.4752475e-02
   4.0500000e+02   2.4691358e-02
   4.0600000e+02   2.4630542e-02
   4.0700000e+02   2.4570025e-02
   4.0800000e+02   2.4509804e-02
   4.0900000e+02   2.4449878e-02
   4.1000000e+02   2.4390244e-02
   4.1100000e+02   2.4330900e-02
   4.1200000e+02   2.4271845e-02
   4.1300000e+02   2.4213075e-02
   4.1400000e+02   2.4154589e-02
   4.1500000e+02   2.4096386e-02
   4.1600000e+02   2.4038462e-02
   4.1700000e+02   2.3980815e-02
   4.1800000e+02   2.3923445e-02
   4.1900000e+02   2.3866348e-02
   4.2000000e+02   2.3809524e-02
   4.2100000e+02   2.3752969e-02
   4.2200000e+02   2.3696682e-02
   4.2300000e+02   2.3640662e-02
   4.2400000e+02   2.3584906e-02
   4.2500000e+02   2.3529412e-02
   4.2600000e+02   2.3474178e-02
   4.2700000e+02   2.3419204e-02
   4.2800000e+02   2.3364486e-02
   4.2900000e+02   2.3310023e-02
   4.3000000e+02   2.3255814e-02
   4.3100000e+02   2.3201856e-02
   4.3200000e+02   2.3148148e-02
   4.3300000e+02   2.3094688e-02
   4.3400000e+02   2.3041475e-02
   4.3500000e+02   2.2988506e-02
   4.3600000e+02   2.2935780e-02
   4.3700000e+02   2.2883295e-02
   4.3800000e+02   2.2831050e-02
   4.3900000e+02   2.2779043e-02
   4.4000000e+02   2.2727273e-02
   4.4100000e+02   2.2675737e-02
   4.4200000e+02   2.2624434e-02
   4.4300000e+02   2.2573363e-02
   4.4400000e+02   2.2522523e-02
   4.4500000e+02   2.2471910e-02
   4.4600000e+02   2.2421525e-02
   4.4700000e+02   2.2371365e-02
   4.4800000e+02   2.2321429e-02
   4.4900000e+02   2.2271715e-02
   4.5000000e+02   2.2222222e-02
   4.5100000e+02   2.2172949e-02
   4.5200000e+02   2.2123894e-02
   4.5300000e+02   2.2075055e-02
   4.5400000e+02   2.2026432e-02
   4.5500000e+02   2.1978022e-02
   4.5600000e+02   2.1929825e-02
   4.5700000e+02   2.1881838e-02
   4.5800000e+02   2.1834061e-02
   4.5900000e+02   2.1786492e-02
   4.6000000e+02   2.1739130e-02
   4.6100000e+02   2.1691974e-02
   4.6200000e+02   2.1645022e-02
   4.6300000e+02   2.1598272e-02
   4.6400000e+02   2.1551724e-02
   4.6500000e+02   2.1505376e-02
   4.6600000e+02   2.1459227e-02
   4.6700000e+02   2.1413276e-02
   4.6800000e+02   2.1367521e-02
   4.6900000e+02   2.1321962e-02
   4.7000000e+02   2.1276596e-02
   4.7100000e+02   2.1231423e-02
   4.7200000e+02   2.1186441e-02
   4.7300000e+02   2.1141649e-02
   4.7400000e+02   2.1097046e-02
   4.7500000e+02   2.1052632e-02
   4.7600000e+02   2.1008403e-02
   4.7700000e+02   2.0964361e-02
   4.7800000e+02   2.0920502e-02
   4.7900000e+02   2.0876827e-02
   4.8000000e+02   2.0833333e-02
   4.8100000e+02   2.0790021e-02
   4.8200000e+02   2.0746888e-02
   4.8300000e+02   2.0703934e-02
   4.8400000e+02   2.0661157e-02
   4.8500000e+02   2.0618557e-02
   4.8600000e+02   2.0576132e-02
   4.8700000e+02   2.0533881e-02
   4.8800000e+02   2.0491803e-02
   4.8900000e+02   2.0449898e-02
   4.9000000e+02   2.0408163e-02
   4.9100000e+02   2.0366599e-02
   4.9200000e+02   2.0325203e-02
   4.9300000e+02   2.0283976e-02
   4.9400000e+02   2.0242915e-02
   4.9500000e+02   2.0202020e-02
   4.9600000e+02   2.0161290e-02
   4.9700000e+02   2.0120724e-02
   4.9800000e+02   2.0080321e-02
   4.9900000e+02   2.0040080e-02
   5.0000000e+02   2.0000000e-02
   5.0100000e+02   1.9960080e-02
   5.0200000e+02   1.9920319e-02
   5.0300000e+02   1.9880716e-02
   5.0400000e+02   1.9841270e-02
   5.0500000e+02   1.9801980e-02
   5.0600000e+02   1.9762846e-02
   5.0700000e+02   1.9723866e-02
   5.0800000e+02   1.9685039e-02
   5.0900000e+02   1.9646365e-02
   5.1000000e+02   1.9607843e-02
   5.1100000e+02   1.9569472e-02
   5.1200000e+02   1.9531250e-02
   5.1300000e+02   1.9493177e-02
   5.1400000e+02   1.9455253e-02
   5.1500000e+02   1.9417476e-02
   5.1600000e+02   1.9379845e-02
   5.1700000e+02   1.9342360e-02
   5.1800000e+02   1.9305019e-02
   5.1900000e+02   1.9267823e-02
   5.2000000e+02   1.9230769e-02
   5.2100000e+02   1.9193858e-02
   5.2200000e+02   1.9157088e-02
   5.2300000e+02   1.9120459e-02
   5.2400000e+02   1.9083969e-02
   5.2500000e+02   1.9047619e-02
   5.2600000e+02   1.9011407e-02
   5.2700000e+02   1.8975332e-02
   5.2800000e+02   1.8939394e-02
   5.2900000e+02   1.8903592e-02
   5.3000000e+02   1.8867925e-02
   5.3100000e+02   1.8832392e-02
   5.3200000e+02   1.8796992e-02
   5.3300000e+02   1.8761726e-02
   5.3400000e+02   1.8726592e-02
   5.3500000e+02   1.8691589e-02
   5.3600000e+02   1.8656716e-02
   5.3700000e+02   1.8621974e-02
   5.3800000e+02   1.8587361e-02
   5.3900000e+02   1.8552876e-02
   5.4000000e+02   1.8518519e-02
   5.4100000e+02   1.8484288e-02
   5.4200000e+02   1.8450185e-02
   5.4300000e+02   1.8416206e-02
   5.4400000e+02   1.8382353e-02
   5.4500000e+02   1.8348624e-02
   5.4600000e+02   1.8315018e-02
   5.4700000e+02   1.8281536e-02
   5.4800000e+02   1.8248175e-02
   5.4900000e+02   1.8214936e-02
   5.5000000e+02   1.8181818e-02
   5.5100000e+02   1.8148820e-02
   5.5200000e+02   1.8115942e-02
   5.5300000e+02   1.8083183e-02
   5.5400000e+02   1.8050542e-02
   5.5500000e+02   1.8018018e-02
   5.5600000e+02   1.7985612e-02
   5.5700000e+02   1.7953321e-02
   5.5800000e+02   1.7921147e-02
   5.5900000e+02   1.7889088e-02
   5.6000000e+02   1.7857143e-02
   5.6100000e+02   1.7825312e-02
   5.6200000e+02   1.7793594e-02
   5.6300000e+02   1.7761989e-02
   5.6400000e+02   1.7730496e-02
   5.6500000e+02   1.7699115e-02
   5.6600000e+02   1.7667845e-02
   5.6700000e+02   1.7636684e-02
   5.6800000e+02   1.7605634e-02
   5.6900000e+02   1.7574692e-02
   5.7000000e+02   1.7543860e-02
   5.7100000e+02   1.7513135e-02
   5.7200000e+02   1.7482517e-02
   5.7300000e+02   1.7452007e-02
   5.7400000e+02   1.7421603e-02
   5.7500000e+02   1.7391304e-02
   5.7600000e+02   1.7361111e-02
   5.7700000e+02   1.7331023e-02
   5.7800000e+02   1.7301038e-02
   5.7900000e+02   1.7271157e-02
   5.8000000e+02   1.7241379e-02
   5.8100000e+02   1.7211704e-02
   5.8200000e+02   1.7182131e-02
   5.8300000e+02   1.7152659e-02
   5.8400000e+02   1.7123288e-02
   5.8500000e+02   1.7094017e-02
   5.8600000e+02   1.7064846e-02
   5.8700000e+02   1.7035775e-02
   5.8800000e+02   1.7006803e-02
   5.8900000e+02   1.6977929e-02
   5.9000000e+02   1.6949153e-02
   5.9100000e+02   1.6920474e-02
   5.9200000e+02   1.6891892e-02
   5.9300000e+02   1.6863406e-02
   5.9400000e+02   1.6835017e-02
   5.9500000e+02   1.6806723e-02
   5.9600000e+02   1.6778523e-02
   5.9700000e+02   1.6750419e-02
   5.9800000e+02   1.6722408e-02
   5.9900000e+02   1.6694491e-02
   6.0000000e+02   1.6666667e-02;
