param M:1 2 3 4:=      1.0000000e+00   0.0000000e+00   1.0939598e-02   0.0000000e+00   7.0841568e-03
   2.0000000e+00   0.0000000e+00   2.6630169e-02   0.0000000e+00   4.2585461e-02
   3.0000000e+00   3.8008250e-03   4.4499140e-02   0.0000000e+00   7.9955108e-02
   4.0000000e+00   1.1332420e-02   9.0396633e-02   6.3722854e-03   1.3565304e-01
   5.0000000e+00   1.9367300e-02   1.3303257e-01   7.4320821e-03   2.2146964e-01
   6.0000000e+00   2.9361784e-02   1.8071617e-01   2.2615234e-02   2.9913386e-01
   7.0000000e+00   4.2675110e-02   2.4181552e-01   5.3489028e-02   4.0098625e-01
   8.0000000e+00   5.6774751e-02   2.9968815e-01   8.9366035e-02   5.2124520e-01
   9.0000000e+00   8.1037532e-02   3.6886757e-01   1.4652370e-01   6.4081198e-01
   1.0000000e+01   1.0677480e-01   4.5405790e-01   2.0714897e-01   7.8075143e-01
   1.1000000e+01   1.3754429e-01   5.5668571e-01   2.9468049e-01   9.4231533e-01
   1.2000000e+01   1.7429200e-01   6.5005840e-01   4.1297843e-01   1.1068171e+00
   1.3000000e+01   2.1785935e-01   7.6134795e-01   5.0871728e-01   1.2936665e+00
   1.4000000e+01   2.7712026e-01   8.6086567e-01   6.4315238e-01   1.5195750e+00
   1.5000000e+01   3.5741302e-01   9.8182733e-01   7.9700035e-01   1.7350568e+00
   1.6000000e+01   4.3497705e-01   1.1055624e+00   9.5052779e-01   1.9998080e+00
   1.7000000e+01   5.0555496e-01   1.2354772e+00   1.1443605e+00   2.2505247e+00
   1.8000000e+01   6.1353066e-01   1.3678666e+00   1.3700998e+00   2.5039517e+00
   1.9000000e+01   6.9392473e-01   1.5320128e+00   1.6223880e+00   2.7600872e+00
   2.0000000e+01   7.7450396e-01   1.7018958e+00   1.9501111e+00   3.0363472e+00
   2.1000000e+01   8.9666900e-01   1.9149824e+00   2.2392170e+00   3.3244731e+00
   2.2000000e+01   1.0104082e+00   2.0998307e+00   2.5639558e+00   3.6477698e+00
   2.3000000e+01   1.1739912e+00   2.2957987e+00   2.9361454e+00   4.0198081e+00
   2.4000000e+01   1.3215174e+00   2.4770047e+00   3.3035170e+00   4.3399059e+00
   2.5000000e+01   1.4918877e+00   2.6952901e+00   3.6955531e+00   4.6873684e+00
   2.6000000e+01   1.7015910e+00   2.9362066e+00   4.1138886e+00   5.0645096e+00
   2.7000000e+01   1.8994804e+00   3.1823307e+00   4.5996545e+00   5.4540341e+00
   2.8000000e+01   2.1047848e+00   3.4185547e+00   5.0595414e+00   5.8458378e+00
   2.9000000e+01   2.3343637e+00   3.6743576e+00   5.5922067e+00   6.2640960e+00
   3.0000000e+01   2.5726980e+00   3.9214616e+00   6.1701726e+00   6.6834006e+00
   3.1000000e+01   2.8278725e+00   4.1888447e+00   6.7954634e+00   7.1355956e+00
   3.2000000e+01   3.1164460e+00   4.4703887e+00   7.4507044e+00   7.5741816e+00
   3.3000000e+01   3.3557405e+00   4.7437757e+00   8.1205263e+00   8.0345930e+00
   3.4000000e+01   3.6805206e+00   5.0122460e+00   8.8885209e+00   8.5589098e+00
   3.5000000e+01   4.0071759e+00   5.2801815e+00   9.6534159e+00   9.0153881e+00
   3.6000000e+01   4.3495674e+00   5.5965740e+00   1.0524376e+01   9.5254932e+00
   3.7000000e+01   4.7085028e+00   5.9130000e+00   1.1452347e+01   1.0039175e+01
   3.8000000e+01   5.0994190e+00   6.2226474e+00   1.2405434e+01   1.0583752e+01
   3.9000000e+01   5.4925364e+00   6.5507949e+00   1.3352157e+01   1.1157680e+01
   4.0000000e+01   5.8973258e+00   6.8725533e+00   1.4351230e+01   1.1713551e+01
   4.1000000e+01   6.3323798e+00   7.2069666e+00   1.5381128e+01   1.2293516e+01
   4.2000000e+01   6.8096285e+00   7.5647549e+00   1.6465749e+01   1.2864147e+01
   4.3000000e+01   7.3157717e+00   7.8746776e+00   1.7644057e+01   1.3447674e+01
   4.4000000e+01   7.8655690e+00   8.2236251e+00   1.8782502e+01   1.4070898e+01
   4.5000000e+01   8.3703445e+00   8.5724347e+00   2.0007639e+01   1.4669626e+01
   4.6000000e+01   8.9257181e+00   8.9368511e+00   2.1285544e+01   1.5286246e+01
   4.7000000e+01   9.4732967e+00   9.3159834e+00   2.2535252e+01   1.5962280e+01
   4.8000000e+01   1.0061519e+01   9.7032588e+00   2.3822863e+01   1.6662331e+01
   4.9000000e+01   1.0637338e+01   1.0097607e+01   2.5196118e+01   1.7331669e+01
   5.0000000e+01   1.1256381e+01   1.0510989e+01   2.6612407e+01   1.8006652e+01
   5.1000000e+01   1.1863464e+01   1.0936455e+01   2.8033968e+01   1.8687794e+01
   5.2000000e+01   1.2515241e+01   1.1329261e+01   2.9597849e+01   1.9439282e+01
   5.3000000e+01   1.3236412e+01   1.1725875e+01   3.1169869e+01   2.0142335e+01
   5.4000000e+01   1.3923299e+01   1.2138011e+01   3.2732087e+01   2.0835816e+01
   5.5000000e+01   1.4631176e+01   1.2574805e+01   3.4304429e+01   2.1567227e+01
   5.6000000e+01   1.5404762e+01   1.3015057e+01   3.5938566e+01   2.2315790e+01
   5.7000000e+01   1.6184666e+01   1.3444795e+01   3.7617366e+01   2.3084531e+01
   5.8000000e+01   1.7019984e+01   1.3918546e+01   3.9298380e+01   2.3901236e+01
   5.9000000e+01   1.7877950e+01   1.4380019e+01   4.1155517e+01   2.4683971e+01
   6.0000000e+01   1.8812239e+01   1.4853066e+01   4.2859537e+01   2.5535242e+01
   6.1000000e+01   1.9676387e+01   1.5341555e+01   4.4616220e+01   2.6287270e+01
   6.2000000e+01   2.0555323e+01   1.5819594e+01   4.6314593e+01   2.7123797e+01
   6.3000000e+01   2.1508233e+01   1.6320084e+01   4.8116056e+01   2.7905820e+01
   6.4000000e+01   2.2500710e+01   1.6807708e+01   4.9933537e+01   2.8716897e+01
   6.5000000e+01   2.3506019e+01   1.7299194e+01   5.1891963e+01   2.9505883e+01
   6.6000000e+01   2.4461126e+01   1.7800003e+01   5.3830259e+01   3.0387234e+01
   6.7000000e+01   2.5512382e+01   1.8279797e+01   5.5721287e+01   3.1229266e+01
   6.8000000e+01   2.6562526e+01   1.8785459e+01   5.7760445e+01   3.2094674e+01
   6.9000000e+01   2.7628324e+01   1.9322577e+01   5.9734969e+01   3.3015195e+01
   7.0000000e+01   2.8678375e+01   1.9814129e+01   6.1719906e+01   3.3870796e+01
   7.1000000e+01   2.9746842e+01   2.0317322e+01   6.3770559e+01   3.4780659e+01
   7.2000000e+01   3.0905964e+01   2.0848872e+01   6.5807806e+01   3.5656739e+01
   7.3000000e+01   3.2086035e+01   2.1420631e+01   6.7895392e+01   3.6557935e+01
   7.4000000e+01   3.3189862e+01   2.1972444e+01   6.9949938e+01   3.7474386e+01
   7.5000000e+01   3.4360616e+01   2.2511470e+01   7.2058142e+01   3.8328584e+01
   7.6000000e+01   3.5507429e+01   2.3092668e+01   7.4194229e+01   3.9187436e+01
   7.7000000e+01   3.6642934e+01   2.3679808e+01   7.6332362e+01   4.0051970e+01
   7.8000000e+01   3.7844556e+01   2.4217166e+01   7.8485232e+01   4.0963661e+01
   7.9000000e+01   3.9032461e+01   2.4791287e+01   8.0693159e+01   4.1900261e+01
   8.0000000e+01   4.0271774e+01   2.5344902e+01   8.2917406e+01   4.2828079e+01
   8.1000000e+01   4.1520709e+01   2.5903958e+01   8.5120073e+01   4.3747066e+01
   8.2000000e+01   4.2800389e+01   2.6463091e+01   8.7333108e+01   4.4694180e+01
   8.3000000e+01   4.4104697e+01   2.7042889e+01   8.9458952e+01   4.5624153e+01
   8.4000000e+01   4.5327945e+01   2.7617211e+01   9.1637074e+01   4.6641256e+01
   8.5000000e+01   4.6587614e+01   2.8157775e+01   9.3837364e+01   4.7579557e+01
   8.6000000e+01   4.7875612e+01   2.8697819e+01   9.6058835e+01   4.8521820e+01
   8.7000000e+01   4.9178994e+01   2.9291349e+01   9.8220831e+01   4.9501900e+01
   8.8000000e+01   5.0494309e+01   2.9899061e+01   1.0049088e+02   5.0488935e+01
   8.9000000e+01   5.1785268e+01   3.0527794e+01   1.0266417e+02   5.1489833e+01
   9.0000000e+01   5.3179488e+01   3.1131696e+01   1.0478140e+02   5.2440012e+01
   9.1000000e+01   5.4531232e+01   3.1792793e+01   1.0695705e+02   5.3471112e+01
   9.2000000e+01   5.5882521e+01   3.2427829e+01   1.0898249e+02   5.4494744e+01
   9.3000000e+01   5.7331259e+01   3.3010425e+01   1.1105610e+02   5.5502425e+01
   9.4000000e+01   5.8708877e+01   3.3625652e+01   1.1318177e+02   5.6505341e+01
   9.5000000e+01   6.0091594e+01   3.4266767e+01   1.1528910e+02   5.7452529e+01
   9.6000000e+01   6.1443571e+01   3.4905296e+01   1.1737369e+02   5.8488784e+01
   9.7000000e+01   6.2788589e+01   3.5543294e+01   1.1939357e+02   5.9507710e+01
   9.8000000e+01   6.4132911e+01   3.6205601e+01   1.2136362e+02   6.0528089e+01
   9.9000000e+01   6.5498068e+01   3.6846082e+01   1.2338014e+02   6.1539520e+01
   1.0000000e+02   6.6938768e+01   3.7483830e+01   1.2547138e+02   6.2586478e+01
   1.0100000e+02   6.8285000e+01   3.8133141e+01   1.2748738e+02   6.3602938e+01
   1.0200000e+02   6.9701371e+01   3.8742241e+01   1.2965011e+02   6.4628050e+01
   1.0300000e+02   7.1110102e+01   3.9349657e+01   1.3191996e+02   6.5632145e+01
   1.0400000e+02   7.2578152e+01   3.9964265e+01   1.3409044e+02   6.6654844e+01
   1.0500000e+02   7.3988346e+01   4.0609015e+01   1.3616921e+02   6.7719167e+01
   1.0600000e+02   7.5423012e+01   4.1280440e+01   1.3816498e+02   6.8804741e+01
   1.0700000e+02   7.6839280e+01   4.1969708e+01   1.4015337e+02   6.9911440e+01
   1.0800000e+02   7.8232087e+01   4.2612032e+01   1.4220227e+02   7.0967109e+01
   1.0900000e+02   7.9593942e+01   4.3273592e+01   1.4428526e+02   7.2051265e+01
   1.1000000e+02   8.1015532e+01   4.3937851e+01   1.4626652e+02   7.3159036e+01
   1.1100000e+02   8.2411573e+01   4.4600186e+01   1.4832519e+02   7.4270244e+01
   1.1200000e+02   8.3819312e+01   4.5279610e+01   1.5032904e+02   7.5271937e+01
   1.1300000e+02   8.5226392e+01   4.5993253e+01   1.5232623e+02   7.6376049e+01
   1.1400000e+02   8.6626799e+01   4.6633836e+01   1.5430400e+02   7.7571920e+01
   1.1500000e+02   8.7896214e+01   4.7306048e+01   1.5625427e+02   7.8609351e+01
   1.1600000e+02   8.9336350e+01   4.8018694e+01   1.5829103e+02   7.9661277e+01
   1.1700000e+02   9.0700676e+01   4.8685777e+01   1.6032588e+02   8.0777490e+01
   1.1800000e+02   9.2048576e+01   4.9376820e+01   1.6242280e+02   8.1866717e+01
   1.1900000e+02   9.3351828e+01   5.0066447e+01   1.6454841e+02   8.2968786e+01
   1.2000000e+02   9.4680182e+01   5.0719778e+01   1.6660447e+02   8.4003888e+01
   1.2100000e+02   9.6034434e+01   5.1407183e+01   1.6863811e+02   8.5184170e+01
   1.2200000e+02   9.7362604e+01   5.2101745e+01   1.7067873e+02   8.6228905e+01
   1.2300000e+02   9.8753457e+01   5.2815696e+01   1.7263890e+02   8.7289846e+01
   1.2400000e+02   1.0007707e+02   5.3470639e+01   1.7472550e+02   8.8387661e+01
   1.2500000e+02   1.0144247e+02   5.4137285e+01   1.7670886e+02   8.9492674e+01
   1.2600000e+02   1.0285096e+02   5.4876795e+01   1.7865286e+02   9.0596130e+01
   1.2700000e+02   1.0422028e+02   5.5598093e+01   1.8065251e+02   9.1678356e+01
   1.2800000e+02   1.0557760e+02   5.6291130e+01   1.8275260e+02   9.2804994e+01
   1.2900000e+02   1.0692976e+02   5.7023526e+01   1.8482093e+02   9.3932464e+01
   1.3000000e+02   1.0835554e+02   5.7729237e+01   1.8658430e+02   9.5094490e+01
   1.3100000e+02   1.0962845e+02   5.8439711e+01   1.8854377e+02   9.6179361e+01
   1.3200000e+02   1.1090236e+02   5.9119975e+01   1.9058467e+02   9.7236436e+01
   1.3300000e+02   1.1221116e+02   5.9859161e+01   1.9257130e+02   9.8375741e+01
   1.3400000e+02   1.1363356e+02   6.0549821e+01   1.9463681e+02   9.9473179e+01
   1.3500000e+02   1.1491134e+02   6.1260265e+01   1.9681643e+02   1.0056297e+02
   1.3600000e+02   1.1621220e+02   6.1990524e+01   1.9883684e+02   1.0163279e+02
   1.3700000e+02   1.1748121e+02   6.2674137e+01   2.0089007e+02   1.0273080e+02
   1.3800000e+02   1.1882779e+02   6.3350840e+01   2.0306261e+02   1.0381255e+02
   1.3900000e+02   1.2009769e+02   6.4025699e+01   2.0514377e+02   1.0488463e+02
   1.4000000e+02   1.2129063e+02   6.4681536e+01   2.0742233e+02   1.0592283e+02
   1.4100000e+02   1.2256263e+02   6.5377747e+01   2.0949878e+02   1.0707503e+02
   1.4200000e+02   1.2393719e+02   6.6091396e+01   2.1167511e+02   1.0824196e+02
   1.4300000e+02   1.2522957e+02   6.6803310e+01   2.1373393e+02   1.0939829e+02
   1.4400000e+02   1.2652985e+02   6.7501668e+01   2.1587660e+02   1.1047187e+02
   1.4500000e+02   1.2774724e+02   6.8216850e+01   2.1801974e+02   1.1153343e+02
   1.4600000e+02   1.2902528e+02   6.8939959e+01   2.2014541e+02   1.1262516e+02
   1.4700000e+02   1.3031300e+02   6.9676737e+01   2.2221569e+02   1.1376699e+02
   1.4800000e+02   1.3158503e+02   7.0400678e+01   2.2446241e+02   1.1488675e+02
   1.4900000e+02   1.3287593e+02   7.1116683e+01   2.2662262e+02   1.1594430e+02
   1.5000000e+02   1.3422840e+02   7.1848238e+01   2.2883788e+02   1.1707338e+02
   1.5100000e+02   1.3551183e+02   7.2577596e+01   2.3102863e+02   1.1823569e+02
   1.5200000e+02   1.3687295e+02   7.3278906e+01   2.3322621e+02   1.1938532e+02
   1.5300000e+02   1.3817477e+02   7.3997904e+01   2.3521240e+02   1.2054218e+02
   1.5400000e+02   1.3944222e+02   7.4762690e+01   2.3739553e+02   1.2170009e+02
   1.5500000e+02   1.4075749e+02   7.5469546e+01   2.3942833e+02   1.2280265e+02
   1.5600000e+02   1.4199537e+02   7.6251068e+01   2.4175411e+02   1.2393346e+02
   1.5700000e+02   1.4328879e+02   7.6960700e+01   2.4374267e+02   1.2509007e+02
   1.5800000e+02   1.4448279e+02   7.7682735e+01   2.4586307e+02   1.2617030e+02
   1.5900000e+02   1.4575132e+02   7.8393269e+01   2.4803467e+02   1.2728466e+02
   1.6000000e+02   1.4700830e+02   7.9127979e+01   2.5014833e+02   1.2841898e+02
   1.6100000e+02   1.4830874e+02   7.9883108e+01   2.5237599e+02   1.2950809e+02
   1.6200000e+02   1.4958566e+02   8.0615822e+01   2.5450508e+02   1.3065434e+02
   1.6300000e+02   1.5084745e+02   8.1309497e+01   2.5671226e+02   1.3174641e+02
   1.6400000e+02   1.5219616e+02   8.2056680e+01   2.5888840e+02   1.3288188e+02
   1.6500000e+02   1.5350145e+02   8.2838668e+01   2.6103928e+02   1.3401332e+02
   1.6600000e+02   1.5487781e+02   8.3585362e+01   2.6319061e+02   1.3503636e+02
   1.6700000e+02   1.5617584e+02   8.4283923e+01   2.6527599e+02   1.3617555e+02
   1.6800000e+02   1.5751694e+02   8.5003009e+01   2.6745598e+02   1.3729357e+02
   1.6900000e+02   1.5885672e+02   8.5684132e+01   2.6963568e+02   1.3856720e+02
   1.7000000e+02   1.6015656e+02   8.6373894e+01   2.7180853e+02   1.3975497e+02
   1.7100000e+02   1.6148884e+02   8.7142542e+01   2.7391477e+02   1.4088499e+02
   1.7200000e+02   1.6283000e+02   8.7888388e+01   2.7591836e+02   1.4200855e+02
   1.7300000e+02   1.6421141e+02   8.8675549e+01   2.7796939e+02   1.4314579e+02
   1.7400000e+02   1.6563679e+02   8.9356444e+01   2.8010585e+02   1.4430985e+02
   1.7500000e+02   1.6694228e+02   9.0032890e+01   2.8219303e+02   1.4549187e+02
   1.7600000e+02   1.6837129e+02   9.0724684e+01   2.8428695e+02   1.4666294e+02
   1.7700000e+02   1.6976434e+02   9.1414751e+01   2.8630224e+02   1.4784627e+02
   1.7800000e+02   1.7110622e+02   9.2120405e+01   2.8836424e+02   1.4895597e+02
   1.7900000e+02   1.7251290e+02   9.2763615e+01   2.9045213e+02   1.5007527e+02
   1.8000000e+02   1.7382516e+02   9.3509235e+01   2.9253939e+02   1.5124844e+02
   1.8100000e+02   1.7515972e+02   9.4209389e+01   2.9461939e+02   1.5236077e+02
   1.8200000e+02   1.7648677e+02   9.4996213e+01   2.9678617e+02   1.5352770e+02
   1.8300000e+02   1.7783700e+02   9.5746998e+01   2.9906254e+02   1.5464244e+02
   1.8400000e+02   1.7926668e+02   9.6477088e+01   3.0110109e+02   1.5579371e+02
   1.8500000e+02   1.8062656e+02   9.7159428e+01   3.0313825e+02   1.5689609e+02
   1.8600000e+02   1.8196164e+02   9.7911644e+01   3.0530791e+02   1.5803176e+02
   1.8700000e+02   1.8329865e+02   9.8616538e+01   3.0741074e+02   1.5922802e+02
   1.8800000e+02   1.8467574e+02   9.9364684e+01   3.0947526e+02   1.6027780e+02
   1.8900000e+02   1.8613179e+02   1.0011536e+02   3.1148442e+02   1.6136531e+02
   1.9000000e+02   1.8750749e+02   1.0083297e+02   3.1350659e+02   1.6252099e+02
   1.9100000e+02   1.8891960e+02   1.0157061e+02   3.1556745e+02   1.6368187e+02
   1.9200000e+02   1.9035366e+02   1.0231917e+02   3.1772113e+02   1.6483213e+02
   1.9300000e+02   1.9174487e+02   1.0300303e+02   3.1973414e+02   1.6597080e+02
   1.9400000e+02   1.9309552e+02   1.0374587e+02   3.2175459e+02   1.6703519e+02
   1.9500000e+02   1.9456432e+02   1.0448775e+02   3.2379390e+02   1.6813713e+02
   1.9600000e+02   1.9599115e+02   1.0519117e+02   3.2584356e+02   1.6928459e+02
   1.9700000e+02   1.9737606e+02   1.0587732e+02   3.2786088e+02   1.7040630e+02
   1.9800000e+02   1.9878620e+02   1.0659558e+02   3.2992847e+02   1.7149918e+02
   1.9900000e+02   2.0015449e+02   1.0728585e+02   3.3207199e+02   1.7260235e+02
   2.0000000e+02   2.0150150e+02   1.0798592e+02   3.3401235e+02   1.7383658e+02
   2.0100000e+02   2.0291654e+02   1.0876015e+02   3.3601730e+02   1.7504277e+02
   2.0200000e+02   2.0433021e+02   1.0946553e+02   3.3810395e+02   1.7623260e+02
   2.0300000e+02   2.0571969e+02   1.1017872e+02   3.4013846e+02   1.7740996e+02
   2.0400000e+02   2.0706821e+02   1.1088767e+02   3.4207528e+02   1.7851688e+02
   2.0500000e+02   2.0837658e+02   1.1160313e+02   3.4410525e+02   1.7972743e+02
   2.0600000e+02   2.0978513e+02   1.1229799e+02   3.4607745e+02   1.8090304e+02
   2.0700000e+02   2.1112383e+02   1.1297542e+02   3.4808873e+02   1.8203463e+02
   2.0800000e+02   2.1252770e+02   1.1373582e+02   3.5002234e+02   1.8318842e+02
   2.0900000e+02   2.1387778e+02   1.1441662e+02   3.5200360e+02   1.8430874e+02
   2.1000000e+02   2.1531980e+02   1.1509243e+02   3.5398413e+02   1.8538831e+02
   2.1100000e+02   2.1665622e+02   1.1580514e+02   3.5598672e+02   1.8648178e+02
   2.1200000e+02   2.1792978e+02   1.1663431e+02   3.5788324e+02   1.8762890e+02
   2.1300000e+02   2.1931898e+02   1.1735766e+02   3.5984457e+02   1.8869006e+02
   2.1400000e+02   2.2068427e+02   1.1811855e+02   3.6176251e+02   1.8980470e+02
   2.1500000e+02   2.2211948e+02   1.1882661e+02   3.6367694e+02   1.9096063e+02
   2.1600000e+02   2.2341644e+02   1.1957627e+02   3.6575307e+02   1.9208394e+02
   2.1700000e+02   2.2480624e+02   1.2034929e+02   3.6768902e+02   1.9320480e+02
   2.1800000e+02   2.2618062e+02   1.2107327e+02   3.6980379e+02   1.9439175e+02
   2.1900000e+02   2.2754341e+02   1.2174863e+02   3.7167303e+02   1.9548655e+02
   2.2000000e+02   2.2886869e+02   1.2251004e+02   3.7364991e+02   1.9663221e+02
   2.2100000e+02   2.3023886e+02   1.2323496e+02   3.7564900e+02   1.9777475e+02
   2.2200000e+02   2.3157843e+02   1.2393645e+02   3.7780132e+02   1.9884635e+02
   2.2300000e+02   2.3288742e+02   1.2465469e+02   3.7975090e+02   2.0004791e+02
   2.2400000e+02   2.3425737e+02   1.2534008e+02   3.8177683e+02   2.0117928e+02
   2.2500000e+02   2.3563035e+02   1.2611434e+02   3.8387629e+02   2.0225255e+02
   2.2600000e+02   2.3693237e+02   1.2688977e+02   3.8590689e+02   2.0337866e+02
   2.2700000e+02   2.3825422e+02   1.2758536e+02   3.8788857e+02   2.0444662e+02
   2.2800000e+02   2.3953872e+02   1.2831251e+02   3.8988116e+02   2.0555055e+02
   2.2900000e+02   2.4091400e+02   1.2897733e+02   3.9207262e+02   2.0658788e+02
   2.3000000e+02   2.4214442e+02   1.2974900e+02   3.9415255e+02   2.0764771e+02
   2.3100000e+02   2.4360752e+02   1.3048441e+02   3.9628329e+02   2.0878445e+02
   2.3200000e+02   2.4503561e+02   1.3121751e+02   3.9827403e+02   2.0993875e+02
   2.3300000e+02   2.4652022e+02   1.3187735e+02   4.0029280e+02   2.1106107e+02
   2.3400000e+02   2.4784174e+02   1.3259116e+02   4.0229976e+02   2.1223426e+02
   2.3500000e+02   2.4919693e+02   1.3332509e+02   4.0416675e+02   2.1343208e+02
   2.3600000e+02   2.5054005e+02   1.3405246e+02   4.0618997e+02   2.1451806e+02
   2.3700000e+02   2.5186425e+02   1.3476059e+02   4.0822987e+02   2.1568821e+02
   2.3800000e+02   2.5314666e+02   1.3550842e+02   4.1024374e+02   2.1684420e+02
   2.3900000e+02   2.5447425e+02   1.3624153e+02   4.1230280e+02   2.1794865e+02
   2.4000000e+02   2.5585616e+02   1.3695825e+02   4.1448964e+02   2.1908637e+02
   2.4100000e+02   2.5713455e+02   1.3765880e+02   4.1643404e+02   2.2018799e+02
   2.4200000e+02   2.5850390e+02   1.3840277e+02   4.1842363e+02   2.2132989e+02
   2.4300000e+02   2.5976060e+02   1.3912398e+02   4.2045560e+02   2.2250295e+02
   2.4400000e+02   2.6101677e+02   1.3986594e+02   4.2256696e+02   2.2360397e+02
   2.4500000e+02   2.6226097e+02   1.4057706e+02   4.2465804e+02   2.2467675e+02
   2.4600000e+02   2.6345891e+02   1.4133664e+02   4.2657791e+02   2.2585847e+02
   2.4700000e+02   2.6482565e+02   1.4205039e+02   4.2855441e+02   2.2688760e+02
   2.4800000e+02   2.6618046e+02   1.4277862e+02   4.3060749e+02   2.2799313e+02
   2.4900000e+02   2.6740438e+02   1.4350838e+02   4.3260330e+02   2.2916587e+02
   2.5000000e+02   2.6871934e+02   1.4418828e+02   4.3462158e+02   2.3026166e+02
   2.5100000e+02   2.7007732e+02   1.4492649e+02   4.3656267e+02   2.3137883e+02
   2.5200000e+02   2.7129756e+02   1.4565805e+02   4.3848067e+02   2.3243661e+02
   2.5300000e+02   2.7258600e+02   1.4639523e+02   4.4065756e+02   2.3353555e+02
   2.5400000e+02   2.7386027e+02   1.4704654e+02   4.4261771e+02   2.3479143e+02
   2.5500000e+02   2.7505862e+02   1.4778570e+02   4.4468011e+02   2.3595635e+02
   2.5600000e+02   2.7629086e+02   1.4854390e+02   4.4676502e+02   2.3710234e+02
   2.5700000e+02   2.7755016e+02   1.4924011e+02   4.4874429e+02   2.3821736e+02
   2.5800000e+02   2.7884108e+02   1.4999948e+02   4.5074608e+02   2.3936073e+02
   2.5900000e+02   2.8011330e+02   1.5066887e+02   4.5257958e+02   2.4057145e+02
   2.6000000e+02   2.8133251e+02   1.5139359e+02   4.5474320e+02   2.4166145e+02
   2.6100000e+02   2.8263371e+02   1.5213939e+02   4.5676702e+02   2.4279974e+02
   2.6200000e+02   2.8388420e+02   1.5289329e+02   4.5891021e+02   2.4389512e+02
   2.6300000e+02   2.8511602e+02   1.5357008e+02   4.6095063e+02   2.4508681e+02
   2.6400000e+02   2.8643671e+02   1.5429101e+02   4.6293101e+02   2.4615431e+02
   2.6500000e+02   2.8775477e+02   1.5502673e+02   4.6487129e+02   2.4721498e+02
   2.6600000e+02   2.8908392e+02   1.5577608e+02   4.6689109e+02   2.4831752e+02
   2.6700000e+02   2.9034866e+02   1.5656402e+02   4.6890213e+02   2.4947119e+02
   2.6800000e+02   2.9154215e+02   1.5731305e+02   4.7089016e+02   2.5060316e+02
   2.6900000e+02   2.9293894e+02   1.5807612e+02   4.7284095e+02   2.5173603e+02
   2.7000000e+02   2.9414093e+02   1.5873129e+02   4.7481717e+02   2.5282327e+02
   2.7100000e+02   2.9544786e+02   1.5942493e+02   4.7694698e+02   2.5395454e+02
   2.7200000e+02   2.9669727e+02   1.6012810e+02   4.7883735e+02   2.5513904e+02
   2.7300000e+02   2.9793952e+02   1.6081987e+02   4.8077594e+02   2.5628002e+02
   2.7400000e+02   2.9922723e+02   1.6155247e+02   4.8279978e+02   2.5731455e+02
   2.7500000e+02   3.0036822e+02   1.6230794e+02   4.8493450e+02   2.5841085e+02
   2.7600000e+02   3.0172171e+02   1.6307961e+02   4.8704909e+02   2.5950886e+02
   2.7700000e+02   3.0299712e+02   1.6387075e+02   4.8917490e+02   2.6061069e+02
   2.7800000e+02   3.0429284e+02   1.6463207e+02   4.9123502e+02   2.6178841e+02
   2.7900000e+02   3.0555855e+02   1.6532524e+02   4.9326933e+02   2.6286039e+02
   2.8000000e+02   3.0694984e+02   1.6608603e+02   4.9520948e+02   2.6394967e+02
   2.8100000e+02   3.0839806e+02   1.6683938e+02   4.9714946e+02   2.6520110e+02
   2.8200000e+02   3.0972018e+02   1.6753969e+02   4.9900383e+02   2.6634679e+02
   2.8300000e+02   3.1103290e+02   1.6823290e+02   5.0100044e+02   2.6757979e+02
   2.8400000e+02   3.1240257e+02   1.6891386e+02   5.0304245e+02   2.6867459e+02
   2.8500000e+02   3.1370335e+02   1.6961543e+02   5.0503589e+02   2.6975274e+02
   2.8600000e+02   3.1499246e+02   1.7040495e+02   5.0702917e+02   2.7081356e+02
   2.8700000e+02   3.1629963e+02   1.7112642e+02   5.0899667e+02   2.7191571e+02
   2.8800000e+02   3.1757912e+02   1.7186650e+02   5.1108078e+02   2.7305854e+02
   2.8900000e+02   3.1889728e+02   1.7254373e+02   5.1322740e+02   2.7423278e+02
   2.9000000e+02   3.2016945e+02   1.7331433e+02   5.1519161e+02   2.7535654e+02
   2.9100000e+02   3.2138649e+02   1.7395769e+02   5.1723826e+02   2.7648065e+02
   2.9200000e+02   3.2263992e+02   1.7470060e+02   5.1939584e+02   2.7761149e+02
   2.9300000e+02   3.2397321e+02   1.7545675e+02   5.2134538e+02   2.7862894e+02
   2.9400000e+02   3.2517589e+02   1.7618504e+02   5.2351692e+02   2.7976692e+02
   2.9500000e+02   3.2638293e+02   1.7690457e+02   5.2553455e+02   2.8081481e+02
   2.9600000e+02   3.2766299e+02   1.7764162e+02   5.2744951e+02   2.8196980e+02
   2.9700000e+02   3.2900691e+02   1.7837223e+02   5.2956939e+02   2.8302346e+02
   2.9800000e+02   3.3026598e+02   1.7903371e+02   5.3152967e+02   2.8413402e+02
   2.9900000e+02   3.3153173e+02   1.7973142e+02   5.3347273e+02   2.8530861e+02
   3.0000000e+02   3.3284762e+02   1.8042254e+02   5.3565489e+02   2.8643909e+02
   3.0100000e+02   3.3415646e+02   1.8119500e+02   5.3758062e+02   2.8748448e+02
   3.0200000e+02   3.3546741e+02   1.8193853e+02   5.3947205e+02   2.8860589e+02
   3.0300000e+02   3.3681707e+02   1.8263662e+02   5.4152570e+02   2.8974833e+02
   3.0400000e+02   3.3808648e+02   1.8340825e+02   5.4360202e+02   2.9081767e+02
   3.0500000e+02   3.3941520e+02   1.8414275e+02   5.4556431e+02   2.9197504e+02
   3.0600000e+02   3.4074603e+02   1.8490607e+02   5.4766888e+02   2.9310389e+02
   3.0700000e+02   3.4204238e+02   1.8562595e+02   5.4959677e+02   2.9419854e+02
   3.0800000e+02   3.4342094e+02   1.8632275e+02   5.5162423e+02   2.9527599e+02
   3.0900000e+02   3.4476043e+02   1.8702767e+02   5.5365443e+02   2.9641608e+02
   3.1000000e+02   3.4617756e+02   1.8774469e+02   5.5570447e+02   2.9750787e+02
   3.1100000e+02   3.4746639e+02   1.8850119e+02   5.5763478e+02   2.9867080e+02
   3.1200000e+02   3.4880770e+02   1.8921051e+02   5.5962481e+02   2.9983418e+02
   3.1300000e+02   3.5005963e+02   1.8993003e+02   5.6144385e+02   3.0093303e+02
   3.1400000e+02   3.5130911e+02   1.9063576e+02   5.6335963e+02   3.0203727e+02
   3.1500000e+02   3.5263395e+02   1.9126942e+02   5.6533227e+02   3.0316179e+02
   3.1600000e+02   3.5400899e+02   1.9195137e+02   5.6722507e+02   3.0417796e+02
   3.1700000e+02   3.5533354e+02   1.9269018e+02   5.6916904e+02   3.0529636e+02
   3.1800000e+02   3.5662821e+02   1.9340798e+02   5.7116418e+02   3.0636932e+02
   3.1900000e+02   3.5793875e+02   1.9414740e+02   5.7318202e+02   3.0740459e+02
   3.2000000e+02   3.5915764e+02   1.9485491e+02   5.7516275e+02   3.0854352e+02
   3.2100000e+02   3.6055486e+02   1.9558923e+02   5.7707218e+02   3.0966034e+02
   3.2200000e+02   3.6186272e+02   1.9634936e+02   5.7909261e+02   3.1072608e+02
   3.2300000e+02   3.6314069e+02   1.9698080e+02   5.8108162e+02   3.1186157e+02
   3.2400000e+02   3.6445058e+02   1.9770727e+02   5.8300219e+02   3.1292547e+02
   3.2500000e+02   3.6576491e+02   1.9839455e+02   5.8492838e+02   3.1401392e+02
   3.2600000e+02   3.6707683e+02   1.9915644e+02   5.8702821e+02   3.1512974e+02
   3.2700000e+02   3.6834973e+02   1.9988127e+02   5.8908809e+02   3.1619941e+02
   3.2800000e+02   3.6966828e+02   2.0060541e+02   5.9106530e+02   3.1734309e+02
   3.2900000e+02   3.7089060e+02   2.0134753e+02   5.9294845e+02   3.1840533e+02
   3.3000000e+02   3.7229585e+02   2.0209462e+02   5.9507930e+02   3.1946102e+02
   3.3100000e+02   3.7351566e+02   2.0282650e+02   5.9691958e+02   3.2058437e+02
   3.3200000e+02   3.7483831e+02   2.0355452e+02   5.9895060e+02   3.2168280e+02
   3.3300000e+02   3.7619059e+02   2.0421117e+02   6.0102712e+02   3.2275915e+02
   3.3400000e+02   3.7758395e+02   2.0487380e+02   6.0308363e+02   3.2392295e+02
   3.3500000e+02   3.7889941e+02   2.0562312e+02   6.0510589e+02   3.2508656e+02
   3.3600000e+02   3.8009350e+02   2.0639616e+02   6.0706257e+02   3.2611645e+02
   3.3700000e+02   3.8138358e+02   2.0709833e+02   6.0902204e+02   3.2726700e+02
   3.3800000e+02   3.8260949e+02   2.0780238e+02   6.1114662e+02   3.2842730e+02
   3.3900000e+02   3.8394512e+02   2.0844969e+02   6.1306039e+02   3.2950757e+02
   3.4000000e+02   3.8519370e+02   2.0916385e+02   6.1497978e+02   3.3068943e+02
   3.4100000e+02   3.8644905e+02   2.0987628e+02   6.1705005e+02   3.3179481e+02
   3.4200000e+02   3.8778896e+02   2.1055005e+02   6.1903482e+02   3.3290640e+02
   3.4300000e+02   3.8900751e+02   2.1131882e+02   6.2112775e+02   3.3404751e+02
   3.4400000e+02   3.9024198e+02   2.1204744e+02   6.2309531e+02   3.3520966e+02
   3.4500000e+02   3.9147407e+02   2.1276032e+02   6.2518242e+02   3.3623387e+02
   3.4600000e+02   3.9277928e+02   2.1344702e+02   6.2718119e+02   3.3730387e+02
   3.4700000e+02   3.9396772e+02   2.1419703e+02   6.2904034e+02   3.3845710e+02
   3.4800000e+02   3.9529563e+02   2.1487876e+02   6.3096493e+02   3.3956355e+02
   3.4900000e+02   3.9655024e+02   2.1560148e+02   6.3286384e+02   3.4073557e+02
   3.5000000e+02   3.9781620e+02   2.1630059e+02   6.3505034e+02   3.4180569e+02
   3.5100000e+02   3.9901801e+02   2.1706507e+02   6.3700040e+02   3.4290536e+02
   3.5200000e+02   4.0027236e+02   2.1781225e+02   6.3893047e+02   3.4397308e+02
   3.5300000e+02   4.0153577e+02   2.1856241e+02   6.4099719e+02   3.4508520e+02
   3.5400000e+02   4.0284258e+02   2.1919806e+02   6.4289582e+02   3.4618021e+02
   3.5500000e+02   4.0411728e+02   2.1986059e+02   6.4482003e+02   3.4731962e+02
   3.5600000e+02   4.0551315e+02   2.2051050e+02   6.4687804e+02   3.4831898e+02
   3.5700000e+02   4.0679684e+02   2.2124296e+02   6.4879645e+02   3.4951537e+02
   3.5800000e+02   4.0814909e+02   2.2195033e+02   6.5076892e+02   3.5062471e+02
   3.5900000e+02   4.0943034e+02   2.2266225e+02   6.5278691e+02   3.5170637e+02
   3.6000000e+02   4.1085565e+02   2.2344219e+02   6.5473650e+02   3.5287907e+02
;