param M:1 2 3 4:=      1.0000000e+00   0.0000000e+00   7.2883883e-03   0.0000000e+00   7.6914761e-03
   2.0000000e+00   0.0000000e+00   1.6533345e-02   2.3443149e-03   3.2713322e-02
   3.0000000e+00   0.0000000e+00   4.3595750e-02   1.0275753e-02   8.5577006e-02
   4.0000000e+00   5.9328866e-03   7.3046205e-02   2.0808070e-02   1.5949511e-01
   5.0000000e+00   1.3679075e-02   1.1241132e-01   4.6431478e-02   2.4336757e-01
   6.0000000e+00   2.0117561e-02   1.5093293e-01   6.3955226e-02   3.1934222e-01
   7.0000000e+00   3.1830741e-02   1.9805586e-01   9.6198968e-02   4.2238823e-01
   8.0000000e+00   4.7948604e-02   2.6532320e-01   1.4532614e-01   5.3927334e-01
   9.0000000e+00   6.5028523e-02   3.3848197e-01   2.0502213e-01   6.8183720e-01
   1.0000000e+01   8.5778900e-02   4.2014888e-01   2.6990659e-01   8.2898523e-01
   1.1000000e+01   1.2515489e-01   5.2376291e-01   3.4789689e-01   9.9774371e-01
   1.2000000e+01   1.7335402e-01   6.3078709e-01   4.2468932e-01   1.2045219e+00
   1.3000000e+01   2.2850751e-01   7.5335094e-01   5.4326123e-01   1.3894786e+00
   1.4000000e+01   2.9175960e-01   8.9090267e-01   6.9919542e-01   1.6034694e+00
   1.5000000e+01   3.6397197e-01   1.0415066e+00   8.5574349e-01   1.8339984e+00
   1.6000000e+01   4.5067955e-01   1.1833579e+00   1.0183031e+00   2.0902115e+00
   1.7000000e+01   5.4361068e-01   1.3285954e+00   1.1817435e+00   2.3473789e+00
   1.8000000e+01   6.3810042e-01   1.4915865e+00   1.4068581e+00   2.6328857e+00
   1.9000000e+01   7.4433150e-01   1.6545050e+00   1.6754989e+00   2.9031614e+00
   2.0000000e+01   8.6845361e-01   1.8325090e+00   1.9671660e+00   3.2029522e+00
   2.1000000e+01   1.0131614e+00   2.0312696e+00   2.2467771e+00   3.5538010e+00
   2.2000000e+01   1.1622625e+00   2.2381820e+00   2.5921902e+00   3.8707719e+00
   2.3000000e+01   1.3154084e+00   2.4427293e+00   2.9151324e+00   4.2171072e+00
   2.4000000e+01   1.4663212e+00   2.6503254e+00   3.3170164e+00   4.5967655e+00
   2.5000000e+01   1.6411610e+00   2.8660430e+00   3.7108263e+00   4.9747861e+00
   2.6000000e+01   1.8579547e+00   3.1142955e+00   4.1583988e+00   5.3907829e+00
   2.7000000e+01   2.0758408e+00   3.3395483e+00   4.6662734e+00   5.7918329e+00
   2.8000000e+01   2.3084925e+00   3.5852579e+00   5.1812711e+00   6.2291219e+00
   2.9000000e+01   2.5303983e+00   3.8624628e+00   5.7109201e+00   6.6672004e+00
   3.0000000e+01   2.7683061e+00   4.1298347e+00   6.3207297e+00   7.1348456e+00
   3.1000000e+01   3.0278516e+00   4.4014543e+00   6.9519897e+00   7.6348731e+00
   3.2000000e+01   3.3225376e+00   4.6566781e+00   7.5846951e+00   8.1176561e+00
   3.3000000e+01   3.6339206e+00   4.9600725e+00   8.3497331e+00   8.6330222e+00
   3.4000000e+01   3.9856526e+00   5.2660683e+00   9.1189165e+00   9.1324417e+00
   3.5000000e+01   4.3192697e+00   5.5669724e+00   9.8866693e+00   9.6731333e+00
   3.6000000e+01   4.6933269e+00   5.8828078e+00   1.0680214e+01   1.0238608e+01
   3.7000000e+01   5.1129873e+00   6.2006728e+00   1.1638688e+01   1.0823174e+01
   3.8000000e+01   5.5201723e+00   6.5628455e+00   1.2574404e+01   1.1387344e+01
   3.9000000e+01   5.9485536e+00   6.9130383e+00   1.3555787e+01   1.1990192e+01
   4.0000000e+01   6.3918619e+00   7.2579411e+00   1.4579414e+01   1.2569398e+01
   4.1000000e+01   6.8773609e+00   7.6278823e+00   1.5720401e+01   1.3201467e+01
   4.2000000e+01   7.3614329e+00   8.0249022e+00   1.6875746e+01   1.3877254e+01
   4.3000000e+01   7.8806779e+00   8.4061992e+00   1.8024952e+01   1.4483178e+01
   4.4000000e+01   8.4587022e+00   8.8303710e+00   1.9287838e+01   1.5107745e+01
   4.5000000e+01   8.9884305e+00   9.2675626e+00   2.0534433e+01   1.5754470e+01
   4.6000000e+01   9.5565832e+00   9.6526907e+00   2.1814953e+01   1.6407983e+01
   4.7000000e+01   1.0161408e+01   1.0048893e+01   2.3281944e+01   1.7073157e+01
   4.8000000e+01   1.0729915e+01   1.0460706e+01   2.4605818e+01   1.7789131e+01
   4.9000000e+01   1.1393638e+01   1.0890052e+01   2.6052264e+01   1.8494156e+01
   5.0000000e+01   1.2088805e+01   1.1302250e+01   2.7478220e+01   1.9233571e+01
   5.1000000e+01   1.2813025e+01   1.1716725e+01   2.9003933e+01   1.9978105e+01
   5.2000000e+01   1.3568100e+01   1.2186324e+01   3.0598554e+01   2.0712943e+01
   5.3000000e+01   1.4315414e+01   1.2642565e+01   3.2160518e+01   2.1489884e+01
   5.4000000e+01   1.5076425e+01   1.3093603e+01   3.3819722e+01   2.2235860e+01
   5.5000000e+01   1.5885175e+01   1.3574003e+01   3.5475273e+01   2.3016541e+01
   5.6000000e+01   1.6672925e+01   1.4025319e+01   3.7226930e+01   2.3800605e+01
   5.7000000e+01   1.7494267e+01   1.4493257e+01   3.9022863e+01   2.4616909e+01
   5.8000000e+01   1.8331712e+01   1.5003909e+01   4.0867262e+01   2.5398214e+01
   5.9000000e+01   1.9172816e+01   1.5497562e+01   4.2587806e+01   2.6168788e+01
   6.0000000e+01   2.0077847e+01   1.5985035e+01   4.4535004e+01   2.6993752e+01
   6.1000000e+01   2.1005468e+01   1.6510087e+01   4.6520547e+01   2.7817915e+01
   6.2000000e+01   2.1948488e+01   1.7050306e+01   4.8354641e+01   2.8685076e+01
   6.3000000e+01   2.2872973e+01   1.7545716e+01   5.0345422e+01   2.9554030e+01
   6.4000000e+01   2.3869738e+01   1.8086053e+01   5.2316564e+01   3.0436319e+01
   6.5000000e+01   2.4919224e+01   1.8663836e+01   5.4353819e+01   3.1293712e+01
   6.6000000e+01   2.5914568e+01   1.9199197e+01   5.6461861e+01   3.2118890e+01
   6.7000000e+01   2.7004616e+01   1.9710545e+01   5.8516535e+01   3.2979043e+01
   6.8000000e+01   2.8081081e+01   2.0253205e+01   6.0527677e+01   3.3875261e+01
   6.9000000e+01   2.9130306e+01   2.0819568e+01   6.2745613e+01   3.4805110e+01
   7.0000000e+01   3.0277459e+01   2.1354861e+01   6.4773444e+01   3.5712208e+01
   7.1000000e+01   3.1340737e+01   2.1941737e+01   6.6979608e+01   3.6665718e+01
   7.2000000e+01   3.2464319e+01   2.2472569e+01   6.9107124e+01   3.7622915e+01
   7.3000000e+01   3.3690106e+01   2.3047468e+01   7.1322142e+01   3.8546583e+01
   7.4000000e+01   3.4876677e+01   2.3648656e+01   7.3513987e+01   3.9562096e+01
   7.5000000e+01   3.6085717e+01   2.4243975e+01   7.5672808e+01   4.0528802e+01
   7.6000000e+01   3.7333588e+01   2.4814666e+01   7.7880331e+01   4.1506050e+01
   7.7000000e+01   3.8644052e+01   2.5398425e+01   8.0063510e+01   4.2461646e+01
   7.8000000e+01   3.9974919e+01   2.6001724e+01   8.2304272e+01   4.3497276e+01
   7.9000000e+01   4.1347607e+01   2.6596420e+01   8.4584322e+01   4.4473919e+01
   8.0000000e+01   4.2654257e+01   2.7205715e+01   8.6828546e+01   4.5445476e+01
   8.1000000e+01   4.3961935e+01   2.7837277e+01   8.9237073e+01   4.6463663e+01
   8.2000000e+01   4.5317032e+01   2.8463954e+01   9.1523838e+01   4.7506195e+01
   8.3000000e+01   4.6664616e+01   2.9088699e+01   9.3748179e+01   4.8451824e+01
   8.4000000e+01   4.8056066e+01   2.9717484e+01   9.5997447e+01   4.9513245e+01
   8.5000000e+01   4.9347300e+01   3.0390570e+01   9.8308367e+01   5.0499603e+01
   8.6000000e+01   5.0702082e+01   3.1053742e+01   1.0057132e+02   5.1536867e+01
   8.7000000e+01   5.2099758e+01   3.1664553e+01   1.0281701e+02   5.2557027e+01
   8.8000000e+01   5.3511310e+01   3.2336831e+01   1.0519112e+02   5.3530039e+01
   8.9000000e+01   5.4880992e+01   3.2969743e+01   1.0742260e+02   5.4531405e+01
   9.0000000e+01   5.6234995e+01   3.3628198e+01   1.0963006e+02   5.5515883e+01
   9.1000000e+01   5.7617810e+01   3.4320671e+01   1.1187990e+02   5.6607262e+01
   9.2000000e+01   5.9046226e+01   3.4975291e+01   1.1416998e+02   5.7634947e+01
   9.3000000e+01   6.0537252e+01   3.5673323e+01   1.1640301e+02   5.8730534e+01
   9.4000000e+01   6.2065538e+01   3.6355740e+01   1.1866047e+02   5.9830854e+01
   9.5000000e+01   6.3538414e+01   3.6991516e+01   1.2087798e+02   6.0831555e+01
   9.6000000e+01   6.5020618e+01   3.7658493e+01   1.2311366e+02   6.1922351e+01
   9.7000000e+01   6.6464456e+01   3.8408120e+01   1.2544759e+02   6.3030233e+01
   9.8000000e+01   6.7912517e+01   3.9144401e+01   1.2763362e+02   6.4107377e+01
   9.9000000e+01   6.9394277e+01   3.9831354e+01   1.2992183e+02   6.5257549e+01
   1.0000000e+02   7.0835711e+01   4.0519858e+01   1.3215710e+02   6.6288615e+01
   1.0100000e+02   7.2402302e+01   4.1242363e+01   1.3436671e+02   6.7396995e+01
   1.0200000e+02   7.3913372e+01   4.1988517e+01   1.3667406e+02   6.8483857e+01
   1.0300000e+02   7.5361421e+01   4.2680820e+01   1.3880456e+02   6.9568879e+01
   1.0400000e+02   7.6898300e+01   4.3393400e+01   1.4095861e+02   7.0661581e+01
   1.0500000e+02   7.8443895e+01   4.4112519e+01   1.4323916e+02   7.1862304e+01
   1.0600000e+02   7.9918225e+01   4.4856221e+01   1.4548254e+02   7.3023725e+01
   1.0700000e+02   8.1351016e+01   4.5583638e+01   1.4771450e+02   7.4109990e+01
   1.0800000e+02   8.2770234e+01   4.6289156e+01   1.4997011e+02   7.5287748e+01
   1.0900000e+02   8.4282419e+01   4.7024631e+01   1.5224072e+02   7.6478847e+01
   1.1000000e+02   8.5822275e+01   4.7743603e+01   1.5452265e+02   7.7605009e+01
   1.1100000e+02   8.7319304e+01   4.8474996e+01   1.5678548e+02   7.8767072e+01
   1.1200000e+02   8.8899289e+01   4.9236434e+01   1.5886193e+02   7.9895350e+01
   1.1300000e+02   9.0385656e+01   4.9969534e+01   1.6110901e+02   8.1044518e+01
   1.1400000e+02   9.1784504e+01   5.0687505e+01   1.6323201e+02   8.2301194e+01
   1.1500000e+02   9.3314033e+01   5.1446405e+01   1.6538800e+02   8.3499350e+01
   1.1600000e+02   9.4795187e+01   5.2243393e+01   1.6747869e+02   8.4623191e+01
   1.1700000e+02   9.6249801e+01   5.2942794e+01   1.6964912e+02   8.5782682e+01
   1.1800000e+02   9.7661647e+01   5.3711566e+01   1.7171319e+02   8.6985600e+01
   1.1900000e+02   9.9191996e+01   5.4461147e+01   1.7380263e+02   8.8197160e+01
   1.2000000e+02   1.0067191e+02   5.5192566e+01   1.7601676e+02   8.9436699e+01
   1.2100000e+02   1.0210049e+02   5.5942596e+01   1.7815928e+02   9.0583492e+01
   1.2200000e+02   1.0347897e+02   5.6697909e+01   1.8031876e+02   9.1773817e+01
   1.2300000e+02   1.0486709e+02   5.7409969e+01   1.8238815e+02   9.3034447e+01
   1.2400000e+02   1.0630899e+02   5.8170960e+01   1.8457058e+02   9.4214097e+01
   1.2500000e+02   1.0778449e+02   5.8913427e+01   1.8678079e+02   9.5411157e+01
   1.2600000e+02   1.0918744e+02   5.9654564e+01   1.8902644e+02   9.6606790e+01
   1.2700000e+02   1.1060057e+02   6.0410818e+01   1.9119443e+02   9.7837047e+01
   1.2800000e+02   1.1203045e+02   6.1125293e+01   1.9340435e+02   9.9003475e+01
   1.2900000e+02   1.1347679e+02   6.1942268e+01   1.9552052e+02   1.0026296e+02
   1.3000000e+02   1.1494076e+02   6.2757775e+01   1.9761408e+02   1.0144114e+02
   1.3100000e+02   1.1641206e+02   6.3540427e+01   1.9968960e+02   1.0266339e+02
   1.3200000e+02   1.1781352e+02   6.4365140e+01   2.0178556e+02   1.0375156e+02
   1.3300000e+02   1.1926476e+02   6.5178435e+01   2.0395654e+02   1.0487623e+02
   1.3400000e+02   1.2070655e+02   6.5960293e+01   2.0629993e+02   1.0601634e+02
   1.3500000e+02   1.2211370e+02   6.6707166e+01   2.0863400e+02   1.0724849e+02
   1.3600000e+02   1.2356413e+02   6.7484688e+01   2.1088603e+02   1.0833575e+02
   1.3700000e+02   1.2506018e+02   6.8260750e+01   2.1298522e+02   1.0957012e+02
   1.3800000e+02   1.2643979e+02   6.9016414e+01   2.1520712e+02   1.1078394e+02
   1.3900000e+02   1.2789175e+02   6.9805954e+01   2.1740422e+02   1.1193834e+02
   1.4000000e+02   1.2929536e+02   7.0586843e+01   2.1961405e+02   1.1307014e+02
   1.4100000e+02   1.3069828e+02   7.1338879e+01   2.2188425e+02   1.1416894e+02
   1.4200000e+02   1.3222807e+02   7.2130626e+01   2.2392873e+02   1.1542569e+02
   1.4300000e+02   1.3363517e+02   7.2911626e+01   2.2619726e+02   1.1667586e+02
   1.4400000e+02   1.3508636e+02   7.3728496e+01   2.2854872e+02   1.1785567e+02
   1.4500000e+02   1.3647480e+02   7.4482014e+01   2.3096888e+02   1.1900413e+02
   1.4600000e+02   1.3779060e+02   7.5330290e+01   2.3324036e+02   1.2032446e+02
   1.4700000e+02   1.3924151e+02   7.6142049e+01   2.3551724e+02   1.2153066e+02
   1.4800000e+02   1.4064387e+02   7.6987042e+01   2.3788560e+02   1.2268365e+02
   1.4900000e+02   1.4213258e+02   7.7800880e+01   2.4020367e+02   1.2389723e+02
   1.5000000e+02   1.4348107e+02   7.8605468e+01   2.4253924e+02   1.2513030e+02
   1.5100000e+02   1.4479820e+02   7.9403703e+01   2.4480574e+02   1.2638573e+02
   1.5200000e+02   1.4618167e+02   8.0160873e+01   2.4716262e+02   1.2764889e+02
   1.5300000e+02   1.4759026e+02   8.0895550e+01   2.4932969e+02   1.2881696e+02
   1.5400000e+02   1.4902929e+02   8.1708021e+01   2.5159953e+02   1.3005542e+02
   1.5500000e+02   1.5051011e+02   8.2558767e+01   2.5396688e+02   1.3125712e+02
   1.5600000e+02   1.5192546e+02   8.3391219e+01   2.5621386e+02   1.3248779e+02
   1.5700000e+02   1.5339039e+02   8.4223119e+01   2.5854498e+02   1.3365745e+02
   1.5800000e+02   1.5484882e+02   8.5061544e+01   2.6081160e+02   1.3484487e+02
   1.5900000e+02   1.5632565e+02   8.5853558e+01   2.6314892e+02   1.3614072e+02
   1.6000000e+02   1.5766208e+02   8.6723265e+01   2.6542234e+02   1.3748203e+02
   1.6100000e+02   1.5914423e+02   8.7481039e+01   2.6775614e+02   1.3867047e+02
   1.6200000e+02   1.6054680e+02   8.8280372e+01   2.7005875e+02   1.3982376e+02
   1.6300000e+02   1.6187941e+02   8.9067969e+01   2.7237950e+02   1.4100869e+02
   1.6400000e+02   1.6333440e+02   8.9847603e+01   2.7469233e+02   1.4230723e+02
   1.6500000e+02   1.6467050e+02   9.0668252e+01   2.7685580e+02   1.4354353e+02
   1.6600000e+02   1.6615934e+02   9.1470973e+01   2.7907399e+02   1.4477654e+02
   1.6700000e+02   1.6756802e+02   9.2232971e+01   2.8139465e+02   1.4594733e+02
   1.6800000e+02   1.6905250e+02   9.3057178e+01   2.8361845e+02   1.4714941e+02
   1.6900000e+02   1.7049232e+02   9.3898784e+01   2.8581769e+02   1.4839719e+02
   1.7000000e+02   1.7188436e+02   9.4742324e+01   2.8818210e+02   1.4968652e+02
   1.7100000e+02   1.7346135e+02   9.5546996e+01   2.9039457e+02   1.5096128e+02
   1.7200000e+02   1.7478615e+02   9.6386958e+01   2.9261487e+02   1.5220936e+02
   1.7300000e+02   1.7625676e+02   9.7247280e+01   2.9496004e+02   1.5342233e+02
   1.7400000e+02   1.7769298e+02   9.8077608e+01   2.9722120e+02   1.5471622e+02
   1.7500000e+02   1.7929049e+02   9.8872757e+01   2.9937419e+02   1.5590223e+02
   1.7600000e+02   1.8076772e+02   9.9641103e+01   3.0171886e+02   1.5718782e+02
   1.7700000e+02   1.8227923e+02   1.0043933e+02   3.0399182e+02   1.5840900e+02
   1.7800000e+02   1.8384907e+02   1.0125305e+02   3.0621129e+02   1.5971373e+02
   1.7900000e+02   1.8534709e+02   1.0202274e+02   3.0860141e+02   1.6101459e+02
   1.8000000e+02   1.8682393e+02   1.0284277e+02   3.1068684e+02   1.6219709e+02
   1.8100000e+02   1.8836691e+02   1.0364587e+02   3.1290365e+02   1.6348717e+02
   1.8200000e+02   1.8991926e+02   1.0453667e+02   3.1528104e+02   1.6466253e+02
   1.8300000e+02   1.9136201e+02   1.0539124e+02   3.1736603e+02   1.6595765e+02
   1.8400000e+02   1.9281559e+02   1.0622632e+02   3.1953222e+02   1.6728445e+02
   1.8500000e+02   1.9437289e+02   1.0712965e+02   3.2167859e+02   1.6850904e+02
   1.8600000e+02   1.9583642e+02   1.0793872e+02   3.2394447e+02   1.6973503e+02
   1.8700000e+02   1.9734012e+02   1.0876496e+02   3.2619668e+02   1.7087074e+02
   1.8800000e+02   1.9887978e+02   1.0958052e+02   3.2836257e+02   1.7201089e+02
   1.8900000e+02   2.0029374e+02   1.1046695e+02   3.3071169e+02   1.7315380e+02
   1.9000000e+02   2.0181808e+02   1.1129695e+02   3.3284437e+02   1.7438423e+02
   1.9100000e+02   2.0335752e+02   1.1211996e+02   3.3502713e+02   1.7565168e+02
   1.9200000e+02   2.0492816e+02   1.1292330e+02   3.3706619e+02   1.7685420e+02
   1.9300000e+02   2.0640768e+02   1.1371358e+02   3.3924321e+02   1.7806256e+02
   1.9400000e+02   2.0782407e+02   1.1450364e+02   3.4145223e+02   1.7936706e+02
   1.9500000e+02   2.0922836e+02   1.1531746e+02   3.4370540e+02   1.8053597e+02
   1.9600000e+02   2.1069454e+02   1.1618460e+02   3.4592706e+02   1.8176843e+02
   1.9700000e+02   2.1216812e+02   1.1701691e+02   3.4799914e+02   1.8303079e+02
   1.9800000e+02   2.1376417e+02   1.1783131e+02   3.5004582e+02   1.8424733e+02
   1.9900000e+02   2.1520847e+02   1.1863700e+02   3.5220339e+02   1.8545121e+02
   2.0000000e+02   2.1665782e+02   1.1940119e+02   3.5444160e+02   1.8665885e+02
   2.0100000e+02   2.1819490e+02   1.2024685e+02   3.5665450e+02   1.8795559e+02
   2.0200000e+02   2.1968096e+02   1.2101208e+02   3.5878155e+02   1.8915637e+02
   2.0300000e+02   2.2117221e+02   1.2174689e+02   3.6090756e+02   1.9034167e+02
   2.0400000e+02   2.2259860e+02   1.2260468e+02   3.6300228e+02   1.9162326e+02
   2.0500000e+02   2.2408759e+02   1.2344167e+02   3.6503243e+02   1.9283409e+02
   2.0600000e+02   2.2548618e+02   1.2426135e+02   3.6720090e+02   1.9407245e+02
   2.0700000e+02   2.2691536e+02   1.2511245e+02   3.6930485e+02   1.9535158e+02
   2.0800000e+02   2.2841957e+02   1.2594756e+02   3.7160469e+02   1.9659494e+02
   2.0900000e+02   2.2991989e+02   1.2677376e+02   3.7381281e+02   1.9788570e+02
   2.1000000e+02   2.3137931e+02   1.2765958e+02   3.7586561e+02   1.9927303e+02
   2.1100000e+02   2.3285959e+02   1.2850338e+02   3.7804777e+02   2.0047561e+02
   2.1200000e+02   2.3443724e+02   1.2931576e+02   3.8012312e+02   2.0168189e+02
   2.1300000e+02   2.3591981e+02   1.3012817e+02   3.8227032e+02   2.0289413e+02
   2.1400000e+02   2.3734929e+02   1.3103565e+02   3.8444398e+02   2.0407441e+02
   2.1500000e+02   2.3889104e+02   1.3186679e+02   3.8663503e+02   2.0528912e+02
   2.1600000e+02   2.4037729e+02   1.3267383e+02   3.8872843e+02   2.0649060e+02
   2.1700000e+02   2.4186975e+02   1.3349963e+02   3.9091193e+02   2.0767576e+02
   2.1800000e+02   2.4340054e+02   1.3431218e+02   3.9314012e+02   2.0892850e+02
   2.1900000e+02   2.4489471e+02   1.3511144e+02   3.9539788e+02   2.1011201e+02
   2.2000000e+02   2.4628260e+02   1.3591600e+02   3.9745510e+02   2.1134945e+02
   2.2100000e+02   2.4776565e+02   1.3674741e+02   3.9974783e+02   2.1249388e+02
   2.2200000e+02   2.4921463e+02   1.3751631e+02   4.0188244e+02   2.1376871e+02
   2.2300000e+02   2.5067340e+02   1.3830958e+02   4.0406486e+02   2.1498013e+02
   2.2400000e+02   2.5204970e+02   1.3907236e+02   4.0596806e+02   2.1621981e+02
   2.2500000e+02   2.5355829e+02   1.3991525e+02   4.0812198e+02   2.1744694e+02
   2.2600000e+02   2.5506097e+02   1.4080710e+02   4.1028739e+02   2.1867497e+02
   2.2700000e+02   2.5660714e+02   1.4160551e+02   4.1242800e+02   2.1986775e+02
   2.2800000e+02   2.5814250e+02   1.4246406e+02   4.1459830e+02   2.2103330e+02
   2.2900000e+02   2.5971705e+02   1.4328869e+02   4.1679227e+02   2.2226586e+02
   2.3000000e+02   2.6120128e+02   1.4409016e+02   4.1889484e+02   2.2349352e+02
   2.3100000e+02   2.6270686e+02   1.4492990e+02   4.2099384e+02   2.2470609e+02
   2.3200000e+02   2.6411781e+02   1.4575495e+02   4.2306808e+02   2.2598443e+02
   2.3300000e+02   2.6551311e+02   1.4652531e+02   4.2520237e+02   2.2720838e+02
   2.3400000e+02   2.6687552e+02   1.4727905e+02   4.2723925e+02   2.2839670e+02
   2.3500000e+02   2.6825935e+02   1.4810538e+02   4.2946943e+02   2.2962016e+02
   2.3600000e+02   2.6971891e+02   1.4901260e+02   4.3169307e+02   2.3086709e+02
   2.3700000e+02   2.7115302e+02   1.4989251e+02   4.3387384e+02   2.3210995e+02
   2.3800000e+02   2.7264561e+02   1.5063389e+02   4.3600569e+02   2.3332395e+02
   2.3900000e+02   2.7403876e+02   1.5140805e+02   4.3822793e+02   2.3448154e+02
   2.4000000e+02   2.7541885e+02   1.5227746e+02   4.4043760e+02   2.3571435e+02
   2.4100000e+02   2.7683773e+02   1.5304832e+02   4.4257720e+02   2.3690750e+02
   2.4200000e+02   2.7824851e+02   1.5389589e+02   4.4464370e+02   2.3811521e+02
   2.4300000e+02   2.7962654e+02   1.5468959e+02   4.4681272e+02   2.3938084e+02
   2.4400000e+02   2.8100638e+02   1.5552064e+02   4.4902373e+02   2.4054650e+02
   2.4500000e+02   2.8228191e+02   1.5634049e+02   4.5106174e+02   2.4182052e+02
   2.4600000e+02   2.8372957e+02   1.5711053e+02   4.5334462e+02   2.4303315e+02
   2.4700000e+02   2.8512726e+02   1.5795345e+02   4.5540002e+02   2.4423507e+02
   2.4800000e+02   2.8662799e+02   1.5878596e+02   4.5746109e+02   2.4542708e+02
   2.4900000e+02   2.8805162e+02   1.5954650e+02   4.5956418e+02   2.4666567e+02
   2.5000000e+02   2.8946726e+02   1.6041900e+02   4.6175775e+02   2.4791490e+02
   2.5100000e+02   2.9088233e+02   1.6126067e+02   4.6388434e+02   2.4926604e+02
   2.5200000e+02   2.9239062e+02   1.6209855e+02   4.6617107e+02   2.5045587e+02
   2.5300000e+02   2.9369845e+02   1.6293727e+02   4.6828183e+02   2.5176324e+02
   2.5400000e+02   2.9507732e+02   1.6375726e+02   4.7050127e+02   2.5291958e+02
   2.5500000e+02   2.9643592e+02   1.6462059e+02   4.7267192e+02   2.5412794e+02
   2.5600000e+02   2.9795688e+02   1.6543463e+02   4.7484528e+02   2.5541931e+02
   2.5700000e+02   2.9936875e+02   1.6620829e+02   4.7698199e+02   2.5664799e+02
   2.5800000e+02   3.0075050e+02   1.6703863e+02   4.7905177e+02   2.5785720e+02
   2.5900000e+02   3.0211942e+02   1.6782666e+02   4.8117272e+02   2.5907034e+02
   2.6000000e+02   3.0358906e+02   1.6868649e+02   4.8337513e+02   2.6027303e+02
   2.6100000e+02   3.0501873e+02   1.6949098e+02   4.8537739e+02   2.6154951e+02
   2.6200000e+02   3.0638377e+02   1.7039860e+02   4.8748233e+02   2.6271777e+02
   2.6300000e+02   3.0784709e+02   1.7111713e+02   4.8955064e+02   2.6393827e+02
   2.6400000e+02   3.0921617e+02   1.7189713e+02   4.9168529e+02   2.6511388e+02
   2.6500000e+02   3.1055274e+02   1.7278465e+02   4.9384995e+02   2.6646304e+02
   2.6600000e+02   3.1202461e+02   1.7358317e+02   4.9609913e+02   2.6766275e+02
   2.6700000e+02   3.1336527e+02   1.7443631e+02   4.9834501e+02   2.6880837e+02
   2.6800000e+02   3.1475487e+02   1.7525604e+02   5.0055733e+02   2.7001198e+02
   2.6900000e+02   3.1614160e+02   1.7612414e+02   5.0260892e+02   2.7120755e+02
   2.7000000e+02   3.1757730e+02   1.7694524e+02   5.0476321e+02   2.7233901e+02
   2.7100000e+02   3.1907183e+02   1.7780775e+02   5.0705655e+02   2.7359694e+02
   2.7200000e+02   3.2031178e+02   1.7861296e+02   5.0942837e+02   2.7477468e+02
   2.7300000e+02   3.2168463e+02   1.7941389e+02   5.1141843e+02   2.7603610e+02
   2.7400000e+02   3.2301762e+02   1.8021031e+02   5.1365051e+02   2.7720411e+02
   2.7500000e+02   3.2427621e+02   1.8108382e+02   5.1556744e+02   2.7841300e+02
   2.7600000e+02   3.2566525e+02   1.8189040e+02   5.1780209e+02   2.7960703e+02
   2.7700000e+02   3.2708356e+02   1.8274078e+02   5.1993660e+02   2.8071202e+02
   2.7800000e+02   3.2845957e+02   1.8357036e+02   5.2218597e+02   2.8198090e+02
   2.7900000e+02   3.2989447e+02   1.8442809e+02   5.2414746e+02   2.8318716e+02
   2.8000000e+02   3.3130930e+02   1.8523960e+02   5.2632070e+02   2.8436479e+02
   2.8100000e+02   3.3271887e+02   1.8606598e+02   5.2830298e+02   2.8554216e+02
   2.8200000e+02   3.3409110e+02   1.8688347e+02   5.3050308e+02   2.8686778e+02
   2.8300000e+02   3.3551978e+02   1.8767585e+02   5.3278474e+02   2.8808591e+02
   2.8400000e+02   3.3690373e+02   1.8850526e+02   5.3495114e+02   2.8928549e+02
   2.8500000e+02   3.3819112e+02   1.8929564e+02   5.3695081e+02   2.9054441e+02
   2.8600000e+02   3.3954979e+02   1.9011236e+02   5.3911381e+02   2.9188995e+02
   2.8700000e+02   3.4083413e+02   1.9097908e+02   5.4117670e+02   2.9307064e+02
   2.8800000e+02   3.4216261e+02   1.9178487e+02   5.4330905e+02   2.9432130e+02
   2.8900000e+02   3.4360926e+02   1.9262492e+02   5.4553813e+02   2.9553845e+02
   2.9000000e+02   3.4504084e+02   1.9341903e+02   5.4770950e+02   2.9671464e+02
   2.9100000e+02   3.4653384e+02   1.9425621e+02   5.4980198e+02   2.9797923e+02
   2.9200000e+02   3.4794019e+02   1.9501630e+02   5.5192457e+02   2.9912325e+02
   2.9300000e+02   3.4929198e+02   1.9581598e+02   5.5403790e+02   3.0024527e+02
   2.9400000e+02   3.5078666e+02   1.9659408e+02   5.5620861e+02   3.0146809e+02
   2.9500000e+02   3.5212560e+02   1.9740579e+02   5.5851542e+02   3.0273508e+02
   2.9600000e+02   3.5355314e+02   1.9822337e+02   5.6061920e+02   3.0390389e+02
   2.9700000e+02   3.5505694e+02   1.9902488e+02   5.6268952e+02   3.0522850e+02
   2.9800000e+02   3.5638280e+02   1.9985169e+02   5.6469307e+02   3.0650813e+02
   2.9900000e+02   3.5781702e+02   2.0072709e+02   5.6682365e+02   3.0769539e+02
   3.0000000e+02   3.5927322e+02   2.0153047e+02   5.6881177e+02   3.0897396e+02
   3.0100000e+02   3.6067735e+02   2.0229972e+02   5.7090875e+02   3.1018262e+02
   3.0200000e+02   3.6208373e+02   2.0311154e+02   5.7306615e+02   3.1144756e+02
   3.0300000e+02   3.6343313e+02   2.0388008e+02   5.7522038e+02   3.1252443e+02
   3.0400000e+02   3.6477737e+02   2.0470460e+02   5.7734419e+02   3.1378439e+02
   3.0500000e+02   3.6615841e+02   2.0555513e+02   5.7934070e+02   3.1503940e+02
   3.0600000e+02   3.6750716e+02   2.0632362e+02   5.8136735e+02   3.1633372e+02
   3.0700000e+02   3.6895195e+02   2.0713219e+02   5.8349380e+02   3.1753341e+02
   3.0800000e+02   3.7032496e+02   2.0797444e+02   5.8555351e+02   3.1870606e+02
   3.0900000e+02   3.7168050e+02   2.0875062e+02   5.8776449e+02   3.1991201e+02
   3.1000000e+02   3.7319133e+02   2.0951631e+02   5.8970888e+02   3.2120909e+02
   3.1100000e+02   3.7463779e+02   2.1032275e+02   5.9169856e+02   3.2236927e+02
   3.1200000e+02   3.7608159e+02   2.1107492e+02   5.9372750e+02   3.2353518e+02
   3.1300000e+02   3.7759183e+02   2.1196154e+02   5.9584412e+02   3.2475195e+02
   3.1400000e+02   3.7911917e+02   2.1277399e+02   5.9796972e+02   3.2590261e+02
   3.1500000e+02   3.8060931e+02   2.1357154e+02   6.0025266e+02   3.2705300e+02
   3.1600000e+02   3.8196105e+02   2.1438539e+02   6.0229021e+02   3.2828765e+02
   3.1700000e+02   3.8340147e+02   2.1521739e+02   6.0454567e+02   3.2958641e+02
   3.1800000e+02   3.8480223e+02   2.1610061e+02   6.0674047e+02   3.3078226e+02
   3.1900000e+02   3.8621762e+02   2.1693521e+02   6.0893515e+02   3.3194563e+02
   3.2000000e+02   3.8758842e+02   2.1775935e+02   6.1107826e+02   3.3306415e+02
   3.2100000e+02   3.8893930e+02   2.1856620e+02   6.1328787e+02   3.3433650e+02
   3.2200000e+02   3.9040602e+02   2.1937624e+02   6.1533993e+02   3.3556805e+02
   3.2300000e+02   3.9191207e+02   2.2022081e+02   6.1744034e+02   3.3675103e+02
   3.2400000e+02   3.9327975e+02   2.2098025e+02   6.1951642e+02   3.3788315e+02
   3.2500000e+02   3.9470157e+02   2.2177343e+02   6.2166205e+02   3.3905094e+02
   3.2600000e+02   3.9619234e+02   2.2262551e+02   6.2386511e+02   3.4029065e+02
   3.2700000e+02   3.9760891e+02   2.2337571e+02   6.2610139e+02   3.4139441e+02
   3.2800000e+02   3.9903028e+02   2.2416528e+02   6.2822251e+02   3.4258675e+02
   3.2900000e+02   4.0043422e+02   2.2502284e+02   6.3031629e+02   3.4371303e+02
   3.3000000e+02   4.0173930e+02   2.2590316e+02   6.3240694e+02   3.4494716e+02
   3.3100000e+02   4.0318491e+02   2.2671392e+02   6.3450054e+02   3.4605598e+02
   3.3200000e+02   4.0456127e+02   2.2751225e+02   6.3671517e+02   3.4726261e+02
   3.3300000e+02   4.0592763e+02   2.2829399e+02   6.3874500e+02   3.4841699e+02
   3.3400000e+02   4.0732840e+02   2.2908836e+02   6.4080201e+02   3.4959502e+02
   3.3500000e+02   4.0875865e+02   2.2985357e+02   6.4305574e+02   3.5075673e+02
   3.3600000e+02   4.1019370e+02   2.3071772e+02   6.4524884e+02   3.5184461e+02
   3.3700000e+02   4.1164837e+02   2.3148392e+02   6.4736615e+02   3.5304642e+02
   3.3800000e+02   4.1305355e+02   2.3228710e+02   6.4949550e+02   3.5421438e+02
   3.3900000e+02   4.1438703e+02   2.3315030e+02   6.5166110e+02   3.5536056e+02
   3.4000000e+02   4.1582158e+02   2.3401355e+02   6.5364192e+02   3.5661091e+02
   3.4100000e+02   4.1715975e+02   2.3483870e+02   6.5583462e+02   3.5780356e+02
   3.4200000e+02   4.1859899e+02   2.3563714e+02   6.5814533e+02   3.5904660e+02
   3.4300000e+02   4.1995913e+02   2.3643750e+02   6.6027127e+02   3.6018277e+02
   3.4400000e+02   4.2140306e+02   2.3724354e+02   6.6242135e+02   3.6136936e+02
   3.4500000e+02   4.2278025e+02   2.3798741e+02   6.6453805e+02   3.6258423e+02
   3.4600000e+02   4.2426838e+02   2.3879797e+02   6.6649118e+02   3.6370690e+02
   3.4700000e+02   4.2575146e+02   2.3956901e+02   6.6853809e+02   3.6492599e+02
   3.4800000e+02   4.2712337e+02   2.4040384e+02   6.7059403e+02   3.6611270e+02
   3.4900000e+02   4.2846556e+02   2.4115255e+02   6.7271954e+02   3.6724172e+02
   3.5000000e+02   4.2982738e+02   2.4193934e+02   6.7480561e+02   3.6840879e+02
   3.5100000e+02   4.3118662e+02   2.4274924e+02   6.7679473e+02   3.6965159e+02
   3.5200000e+02   4.3249394e+02   2.4358225e+02   6.7886251e+02   3.7088589e+02
   3.5300000e+02   4.3380362e+02   2.4432739e+02   6.8101197e+02   3.7211082e+02
   3.5400000e+02   4.3520451e+02   2.4523939e+02   6.8312202e+02   3.7336318e+02
   3.5500000e+02   4.3657815e+02   2.4599634e+02   6.8508362e+02   3.7455097e+02
   3.5600000e+02   4.3797638e+02   2.4674509e+02   6.8721171e+02   3.7589960e+02
   3.5700000e+02   4.3925111e+02   2.4753891e+02   6.8918228e+02   3.7715146e+02
   3.5800000e+02   4.4055042e+02   2.4835690e+02   6.9128299e+02   3.7833647e+02
   3.5900000e+02   4.4190146e+02   2.4907312e+02   6.9337153e+02   3.7954891e+02
   3.6000000e+02   4.4338815e+02   2.4981247e+02   6.9568711e+02   3.8066919e+02
;